0 0 1.0065957 0
0 0.0277777777777778 1.00450970883887 0.0477770524905598
0 0.0555555555555556 0.998267611007783 0.0951904927630934
0 0.0833333333333333 0.987916912640307 0.141879475908109
0 0.111111111111111 0.973536388800943 0.187488670572294
0 0.138888888888889 0.955235483959308 0.231670963244669
0 0.166666666666667 0.933153479051634 0.2740901
0 0.194444444444444 0.907458431468748 0.314423245594204
0 0.222222222222222 0.87834589603785 0.352363440435489
0 0.25 0.846037436732198 0.387621936732198
0 0.277777777777778 0.810778940435489 0.41993039603785
0 0.305555555555556 0.772838745594204 0.449042931468748
0 0.333333333333333 0.7325056 0.474737979051634
0 0.361111111111111 0.690086463244669 0.496819983959308
0 0.388888888888889 0.645904170572294 0.515120888800943
0 0.416666666666667 0.600294975908109 0.529501412640307
0 0.444444444444444 0.553605992763093 0.539852111007783
0 0.472222222222222 0.50619255249056 0.546094208838873
0 0.5 0.4584155 0.5481802
0 0.527777777777778 0.41063844750944 0.546094208838873
0 0.555555555555556 0.363225007236907 0.539852111007783
0 0.583333333333333 0.316536024091891 0.529501412640307
0 0.611111111111111 0.270926829427706 0.515120888800943
0 0.638888888888889 0.226744536755331 0.496819983959308
0 0.666666666666667 0.1843254 0.474737979051634
0 0.694444444444444 0.143992254405796 0.449042931468748
0 0.722222222222222 0.106052059564511 0.41993039603785
0 0.75 0.0707935632678022 0.387621936732198
0 0.777777777777778 0.03848510396215 0.352363440435489
0 0.805555555555556 0.00937256853125151 0.314423245594204
0 0.833333333333333 -0.0163224790516344 0.2740901
0 0.861111111111111 -0.0384044839593082 0.231670963244669
0 0.888888888888889 -0.0567053888009434 0.187488670572294
0 0.916666666666667 -0.0710859126403067 0.141879475908109
0 0.944444444444444 -0.0814366110077829 0.0951904927630934
0 0.972222222222222 -0.0876787088388727 0.0477770524905598
0 1 -0.0897647 6.71304955959622E-17
0.0277777777777778 0 1.00276529946195 0.0877305958800989
0.0277777777777778 0.0277777777777778 0.996523201630859 0.135144036152632
0.0277777777777778 0.0555555555555556 0.986172503263383 0.181833019297648
0.0277777777777778 0.0833333333333333 0.97179197942402 0.227442213961833
0.0277777777777778 0.111111111111111 0.953491074582385 0.271624506634208
0.0277777777777778 0.138888888888889 0.931409069674711 0.314043643389539
0.0277777777777778 0.166666666666667 0.905714022091825 0.354376788983743
0.0277777777777778 0.194444444444444 0.876601486660927 0.392316983825028
0.0277777777777778 0.222222222222222 0.844293027355274 0.427575480121737
0.0277777777777778 0.25 0.809034531058566 0.459883939427389
0.0277777777777778 0.277777777777778 0.77109433621728 0.488996474858288
0.0277777777777778 0.305555555555556 0.730761190623077 0.514691522441173
0.0277777777777778 0.333333333333333 0.688342053867746 0.536773527348847
0.0277777777777778 0.361111111111111 0.64415976119537 0.555074432190482
0.0277777777777778 0.388888888888889 0.598550566531185 0.569454956029846
0.0277777777777778 0.416666666666667 0.55186158338617 0.579805654397322
0.0277777777777778 0.444444444444444 0.504448143113636 0.586047752228412
0.0277777777777778 0.472222222222222 0.456671090623077 0.588133743389539
0.0277777777777778 0.5 0.408894038132517 0.586047752228412
0.0277777777777778 0.527777777777778 0.361480597859983 0.579805654397322
0.0277777777777778 0.555555555555556 0.314791614714968 0.569454956029846
0.0277777777777778 0.583333333333333 0.269182420050783 0.555074432190482
0.0277777777777778 0.611111111111111 0.225000127378408 0.536773527348847
0.0277777777777778 0.638888888888889 0.182580990623077 0.514691522441173
0.0277777777777778 0.666666666666667 0.142247845028873 0.488996474858287
0.0277777777777778 0.694444444444444 0.104307650187587 0.459883939427389
0.0277777777777778 0.722222222222222 0.0690491538908787 0.427575480121737
0.0277777777777778 0.75 0.0367406945852266 0.392316983825028
0.0277777777777778 0.777777777777778 0.00762815915432807 0.354376788983743
0.0277777777777778 0.805555555555556 -0.0180668884285579 0.314043643389539
0.0277777777777778 0.833333333333333 -0.0401488933362316 0.271624506634208
0.0277777777777778 0.861111111111111 -0.0584497981778669 0.227442213961833
0.0277777777777778 0.888888888888889 -0.0728303220172302 0.181833019297648
0.0277777777777778 0.916666666666667 -0.0831810203847063 0.135144036152632
0.0277777777777778 0.944444444444444 -0.0894231182157962 0.0877305958800989
0.0277777777777778 0.972222222222222 -0.0915091093769235 0.0399535433895392
0.0277777777777778 1 -0.0894231182157962 -0.00782350910102059
0.0555555555555556 0 0.991303249508751 0.174793508952368
0.0555555555555556 0.0277777777777778 0.980952551141274 0.221482492097384
0.0555555555555556 0.0555555555555556 0.966572027301911 0.267091686761568
0.0555555555555556 0.0833333333333333 0.948271122460276 0.311273979433944
0.0555555555555556 0.111111111111111 0.926189117552602 0.353693116189275
0.0555555555555556 0.138888888888889 0.900494069969716 0.394026261783478
0.0555555555555556 0.166666666666667 0.871381534538818 0.431966456624764
0.0555555555555556 0.194444444444444 0.839073075233166 0.467224952921472
0.0555555555555556 0.222222222222222 0.803814578936457 0.499533412227125
0.0555555555555556 0.25 0.765874384095172 0.528645947658023
0.0555555555555556 0.277777777777778 0.725541238500968 0.554340995240909
0.0555555555555556 0.305555555555556 0.683122101745637 0.576423000148583
0.0555555555555556 0.333333333333333 0.638939809073262 0.594723904990218
0.0555555555555556 0.361111111111111 0.593330614409077 0.609104428829581
0.0555555555555556 0.388888888888889 0.546641631264061 0.619455127197058
0.0555555555555556 0.416666666666667 0.499228190991528 0.625697225028147
0.0555555555555556 0.444444444444444 0.451451138500968 0.627783216189275
0.0555555555555556 0.472222222222222 0.403674086010408 0.625697225028147
0.0555555555555556 0.5 0.356260645737874 0.619455127197058
0.0555555555555556 0.527777777777778 0.309571662592859 0.609104428829581
0.0555555555555556 0.555555555555556 0.263962467928674 0.594723904990218
0.0555555555555556 0.583333333333333 0.219780175256299 0.576423000148583
0.0555555555555556 0.611111111111111 0.177361038500968 0.554340995240909
0.0555555555555556 0.638888888888889 0.137027892906764 0.528645947658023
0.0555555555555556 0.666666666666667 0.0990876980654787 0.499533412227125
0.0555555555555556 0.694444444444444 0.06382920176877 0.467224952921473
0.0555555555555556 0.722222222222222 0.0315207424631179 0.431966456624764
0.0555555555555556 0.75 0.00240820703221933 0.394026261783478
0.0555555555555556 0.777777777777778 -0.0232868405506666 0.353693116189275
0.0555555555555556 0.805555555555556 -0.0453688454583404 0.311273979433944
0.0555555555555556 0.833333333333333 -0.0636697502999756 0.267091686761569
0.0555555555555556 0.861111111111111 -0.0780502741393389 0.221482492097384
0.0555555555555556 0.888888888888889 -0.0884009725068151 0.174793508952368
0.0555555555555556 0.916666666666667 -0.0946430703379049 0.127380068679835
0.0555555555555556 0.944444444444444 -0.0967290614990322 0.0796030161892748
0.0555555555555556 0.972222222222222 -0.0946430703379049 0.031825963698715
0.0555555555555556 1 -0.0884009725068151 -0.0155874765738188
0.0833333333333333 0 0.972296783261523 0.260526137878303
0.0833333333333333 0.0277777777777778 0.95791625942216 0.306135332542488
0.0833333333333333 0.0555555555555556 0.939615354580525 0.350317625214864
0.0833333333333333 0.0833333333333333 0.917533349672851 0.392736761970195
0.0833333333333333 0.111111111111111 0.891838302089965 0.433069907564398
0.0833333333333333 0.138888888888889 0.862725766659066 0.471010102405684
0.0833333333333333 0.166666666666667 0.830417307353414 0.506268598702392
0.0833333333333333 0.194444444444444 0.795158811056705 0.538577058008045
0.0833333333333333 0.222222222222222 0.75721861621542 0.567689593438943
0.0833333333333333 0.25 0.716885470621216 0.593384641021829
0.0833333333333333 0.277777777777778 0.674466333865885 0.615466645929503
0.0833333333333333 0.305555555555556 0.63028404119351 0.633767550771138
0.0833333333333333 0.333333333333333 0.584674846529325 0.648148074610501
0.0833333333333333 0.361111111111111 0.53798586338431 0.658498772977977
0.0833333333333333 0.388888888888889 0.490572423111776 0.664740870809067
0.0833333333333333 0.416666666666667 0.442795370621216 0.666826861970195
0.0833333333333333 0.444444444444444 0.395018318130657 0.664740870809067
0.0833333333333333 0.472222222222222 0.347604877858123 0.658498772977977
0.0833333333333333 0.5 0.300915894713107 0.648148074610501
0.0833333333333333 0.527777777777778 0.255306700048923 0.633767550771138
0.0833333333333333 0.555555555555556 0.211124407376547 0.615466645929503
0.0833333333333333 0.583333333333333 0.168705270621216 0.593384641021829
0.0833333333333333 0.611111111111111 0.128372125027013 0.567689593438943
0.0833333333333333 0.638888888888889 0.0904319301857273 0.538577058008045
0.0833333333333333 0.666666666666667 0.0551734338890186 0.506268598702392
0.0833333333333333 0.694444444444444 0.0228649745833664 0.471010102405684
0.0833333333333333 0.722222222222222 -0.00624756084753209 0.433069907564398
0.0833333333333333 0.75 -0.031942608430418 0.392736761970195
0.0833333333333333 0.777777777777778 -0.0540246133380918 0.350317625214864
0.0833333333333333 0.805555555555556 -0.072325518179727 0.306135332542488
0.0833333333333333 0.833333333333333 -0.0867060420190903 0.260526137878304
0.0833333333333333 0.861111111111111 -0.0970567403865665 0.213837154733288
0.0833333333333333 0.888888888888889 -0.103298838217656 0.166423714460754
0.0833333333333333 0.916666666666667 -0.105384829378784 0.118646661970195
0.0833333333333333 0.944444444444444 -0.103298838217656 0.0708696094796349
0.0833333333333333 0.972222222222222 -0.0970567403865665 0.0234561692071011
0.0833333333333333 1 -0.0867060420190903 -0.0232328139379143
0.111111111111111 0 0.945890551404826 0.344276005585002
0.111111111111111 0.0277777777777778 0.927589646563191 0.388458298257377
0.111111111111111 0.0555555555555556 0.905507641655517 0.430877435012708
0.111111111111111 0.0833333333333333 0.879812594072631 0.471210580606912
0.111111111111111 0.111111111111111 0.850700058641733 0.509150775448197
0.111111111111111 0.138888888888889 0.818391599336081 0.544409271744906
0.111111111111111 0.166666666666667 0.783133103039372 0.576717731050558
0.111111111111111 0.194444444444444 0.745192908198086 0.605830266481457
0.111111111111111 0.222222222222222 0.704859762603883 0.631525314064342
0.111111111111111 0.25 0.662440625848552 0.653607318972016
0.111111111111111 0.277777777777778 0.618258333176176 0.671908223813652
0.111111111111111 0.305555555555556 0.572649138511991 0.686288747653015
0.111111111111111 0.333333333333333 0.525960155366976 0.696639446020491
0.111111111111111 0.361111111111111 0.478546715094442 0.702881543851581
0.111111111111111 0.388888888888889 0.430769662603883 0.704967535012708
0.111111111111111 0.416666666666667 0.382992610113323 0.702881543851581
0.111111111111111 0.444444444444444 0.335579169840789 0.696639446020491
0.111111111111111 0.472222222222222 0.288890186695774 0.686288747653015
0.111111111111111 0.5 0.243280992031589 0.671908223813652
0.111111111111111 0.527777777777778 0.199098699359214 0.653607318972016
0.111111111111111 0.555555555555556 0.156679562603883 0.631525314064342
0.111111111111111 0.583333333333333 0.116346417009679 0.605830266481456
0.111111111111111 0.611111111111111 0.0784062221683935 0.576717731050558
0.111111111111111 0.638888888888889 0.0431477258716848 0.544409271744906
0.111111111111111 0.666666666666667 0.0108392665660327 0.509150775448197
0.111111111111111 0.694444444444444 -0.0182732688648659 0.471210580606912
0.111111111111111 0.722222222222222 -0.0439683164477518 0.430877435012708
0.111111111111111 0.75 -0.0660503213554255 0.388458298257377
0.111111111111111 0.777777777777778 -0.0843512261970608 0.344276005585002
0.111111111111111 0.805555555555556 -0.0987317500364241 0.298666810920817
0.111111111111111 0.833333333333333 -0.1090824484039 0.251977827775801
0.111111111111111 0.861111111111111 -0.11532454623499 0.204564387503268
0.111111111111111 0.888888888888889 -0.117410537396117 0.156787335012708
0.111111111111111 0.916666666666667 -0.11532454623499 0.109010282522148
0.111111111111111 0.944444444444444 -0.1090824484039 0.0615968422496146
0.111111111111111 0.972222222222222 -0.0987317500364241 0.0149078591045992
0.111111111111111 1 -0.0843512261970608 -0.0307013355595856
0.138888888888889 0 0.912285521307608 0.425405725009663
0.138888888888889 0.0277777777777778 0.890203516399934 0.467824861764994
0.138888888888889 0.0555555555555556 0.864508468817048 0.508158007359197
0.138888888888889 0.0833333333333333 0.835395933386149 0.546098202200483
0.138888888888889 0.111111111111111 0.803087474080497 0.581356698497191
0.138888888888889 0.138888888888889 0.767828977783789 0.613665157802844
0.138888888888889 0.166666666666667 0.729888782942503 0.642777693233742
0.138888888888889 0.194444444444444 0.689555637348299 0.668472740816628
0.138888888888889 0.222222222222222 0.647136500592968 0.690554745724302
0.138888888888889 0.25 0.602954207920593 0.708855650565937
0.138888888888889 0.277777777777778 0.557345013256408 0.7232361744053
0.138888888888889 0.305555555555556 0.510656030111393 0.733586872772776
0.138888888888889 0.333333333333333 0.463242589838859 0.739828970603866
0.138888888888889 0.361111111111111 0.415465537348299 0.741914961764994
0.138888888888889 0.388888888888889 0.36768848485774 0.739828970603866
0.138888888888889 0.416666666666667 0.320275044585206 0.733586872772776
0.138888888888889 0.444444444444444 0.27358606144019 0.7232361744053
0.138888888888889 0.472222222222222 0.227976866776006 0.708855650565937
0.138888888888889 0.5 0.18379457410363 0.690554745724302
0.138888888888889 0.527777777777778 0.141375437348299 0.668472740816628
0.138888888888889 0.555555555555556 0.101042291754096 0.642777693233742
0.138888888888889 0.583333333333333 0.0631020969128103 0.613665157802844
0.138888888888889 0.611111111111111 0.0278436006161016 0.581356698497192
0.138888888888889 0.638888888888889 -0.00446485868955054 0.546098202200483
0.138888888888889 0.666666666666667 -0.0335773941204491 0.508158007359197
0.138888888888889 0.694444444444444 -0.059272441703335 0.467824861764994
0.138888888888889 0.722222222222222 -0.0813544466110088 0.425405725009663
0.138888888888889 0.75 -0.099655351452644 0.381223432337287
0.138888888888889 0.777777777777778 -0.114035875292007 0.335614237673103
0.138888888888889 0.805555555555556 -0.124386573659483 0.288925254528087
0.138888888888889 0.833333333333333 -0.130628671490573 0.241511814255553
0.138888888888889 0.861111111111111 -0.132714662651701 0.193734761764994
0.138888888888889 0.888888888888889 -0.130628671490573 0.145957709274434
0.138888888888889 0.916666666666667 -0.124386573659483 0.0985442690019001
0.138888888888889 0.944444444444444 -0.114035875292007 0.0518552858568847
0.138888888888889 0.972222222222222 -0.099655351452644 0.00624609119269989
0.138888888888889 1 -0.0813544466110088 -0.0379362014796753
0.166666666666667 0 0.87173744754018 0.50329785
0.166666666666667 0.0277777777777778 0.846042399957294 0.543630995594204
0.166666666666667 0.0555555555555556 0.816929864526395 0.581571190435489
0.166666666666667 0.0833333333333333 0.784621405220743 0.616829686732198
0.166666666666667 0.111111111111111 0.749362908924034 0.64913814603785
0.166666666666667 0.138888888888889 0.711422714082749 0.678250681468748
0.166666666666667 0.166666666666667 0.671089568488545 0.703945729051634
0.166666666666667 0.194444444444444 0.628670431733214 0.726027733959308
0.166666666666667 0.222222222222222 0.584488139060839 0.744328638800943
0.166666666666667 0.25 0.538878944396654 0.758709162640307
0.166666666666667 0.277777777777778 0.492189961251639 0.769059861007783
0.166666666666667 0.305555555555556 0.444776520979105 0.775301958838873
0.166666666666667 0.333333333333333 0.396999468488545 0.77738795
0.166666666666667 0.361111111111111 0.349222415997985 0.775301958838873
0.166666666666667 0.388888888888889 0.301808975725452 0.769059861007783
0.166666666666667 0.416666666666667 0.255119992580436 0.758709162640307
0.166666666666667 0.444444444444444 0.209510797916252 0.744328638800943
0.166666666666667 0.472222222222222 0.165328505243876 0.726027733959308
0.166666666666667 0.5 0.122909368488545 0.703945729051634
0.166666666666667 0.527777777777778 0.0825762228943416 0.678250681468748
0.166666666666667 0.555555555555556 0.0446360280530562 0.64913814603785
0.166666666666667 0.583333333333333 0.00937753175634753 0.616829686732198
0.166666666666667 0.611111111111111 -0.0229309275493046 0.581571190435489
0.166666666666667 0.638888888888889 -0.0520434629802031 0.543630995594204
0.166666666666667 0.666666666666667 -0.0777385105630891 0.50329785
0.166666666666667 0.694444444444444 -0.0998205154707628 0.460878713244669
0.166666666666667 0.722222222222222 -0.118121420312398 0.416696420572294
0.166666666666667 0.75 -0.132501944151761 0.371087225908109
0.166666666666667 0.777777777777778 -0.142852642519238 0.324398242763093
0.166666666666667 0.805555555555556 -0.149094740350327 0.27698480249056
0.166666666666667 0.833333333333333 -0.151180731511455 0.22920775
0.166666666666667 0.861111111111111 -0.149094740350327 0.18143069750944
0.166666666666667 0.888888888888889 -0.142852642519238 0.134017257236907
0.166666666666667 0.916666666666667 -0.132501944151761 0.0873282740918911
0.166666666666667 0.944444444444444 -0.118121420312398 0.0417190794277063
0.166666666666667 0.972222222222222 -0.0998205154707629 -0.00246321324466892
0.166666666666667 1 -0.0777385105630889 -0.0448823500000001
0.194444444444444 0 0.824554925427509 0.577359574452287
0.194444444444444 0.0277777777777778 0.79544238999661 0.615299769293572
0.194444444444444 0.0555555555555556 0.763133930690958 0.650558265590281
0.194444444444444 0.0833333333333333 0.727875434394249 0.682866724895933
0.194444444444444 0.111111111111111 0.689935239552964 0.711979260326831
0.194444444444444 0.138888888888889 0.64960209395876 0.737674307909717
0.194444444444444 0.166666666666667 0.607182957203429 0.759756312817391
0.194444444444444 0.194444444444444 0.563000664531054 0.778057217659026
0.194444444444444 0.222222222222222 0.517391469866869 0.79243774149839
0.194444444444444 0.25 0.470702486721854 0.802788439865866
0.194444444444444 0.277777777777778 0.42328904644932 0.809030537696956
0.194444444444444 0.305555555555556 0.37551199395876 0.811116528858083
0.194444444444444 0.333333333333333 0.3277349414682 0.809030537696956
0.194444444444444 0.361111111111111 0.280321501195667 0.802788439865866
0.194444444444444 0.388888888888889 0.233632518050651 0.79243774149839
0.194444444444444 0.416666666666667 0.188023323386467 0.778057217659026
0.194444444444444 0.444444444444444 0.143841030714091 0.759756312817391
0.194444444444444 0.472222222222222 0.10142189395876 0.737674307909717
0.194444444444444 0.5 0.0610887483645565 0.711979260326831
0.194444444444444 0.527777777777778 0.0231485535232712 0.682866724895933
0.194444444444444 0.555555555555556 -0.0121099427734375 0.650558265590281
0.194444444444444 0.583333333333333 -0.0444184020790896 0.615299769293572
0.194444444444444 0.611111111111111 -0.0735309375099882 0.577359574452287
0.194444444444444 0.638888888888889 -0.0992259850928741 0.537026428858083
0.194444444444444 0.666666666666667 -0.121307990000548 0.494607292102752
0.194444444444444 0.694444444444444 -0.139608894842183 0.450424999430377
0.194444444444444 0.722222222222222 -0.153989418681546 0.404815804766192
0.194444444444444 0.75 -0.164340117049023 0.358126821621176
0.194444444444444 0.777777777777778 -0.170582214880112 0.310713381348643
0.194444444444444 0.805555555555556 -0.17266820604124 0.262936328858083
0.194444444444444 0.833333333333333 -0.170582214880112 0.215159276367523
0.194444444444444 0.861111111111111 -0.164340117049023 0.167745836094989
0.194444444444444 0.888888888888889 -0.153989418681546 0.121056852949974
0.194444444444444 0.916666666666667 -0.139608894842183 0.0754476582857892
0.194444444444444 0.944444444444444 -0.121307990000548 0.0312653656134141
0.194444444444444 0.972222222222222 -0.099225985092874 -0.0111537711419171
0.194444444444444 1 -0.0735309375099881 -0.0514869167361208
0.222222222222222 0 0.771097042452458 0.647027243923749
0.222222222222222 0.0277777777777778 0.738788583146806 0.682285740220458
0.222222222222222 0.0555555555555556 0.703530086850097 0.71459419952611
0.222222222222222 0.0833333333333333 0.665589892008812 0.743706734957008
0.222222222222222 0.111111111111111 0.625256746414608 0.769401782539894
0.222222222222222 0.138888888888889 0.582837609659277 0.791483787447568
0.222222222222222 0.166666666666667 0.538655316986902 0.809784692289203
0.222222222222222 0.194444444444444 0.493046122322717 0.824165216128566
0.222222222222222 0.222222222222222 0.446357139177701 0.834515914496043
0.222222222222222 0.25 0.398943698905168 0.840758012327132
0.222222222222222 0.277777777777778 0.351166646414608 0.84284400348826
0.222222222222222 0.305555555555556 0.303389593924048 0.840758012327132
0.222222222222222 0.333333333333333 0.255976153651514 0.834515914496043
0.222222222222222 0.361111111111111 0.209287170506499 0.824165216128566
0.222222222222222 0.388888888888889 0.163677975842314 0.809784692289203
0.222222222222222 0.416666666666667 0.119495683169939 0.791483787447568
0.222222222222222 0.444444444444444 0.0770765464146079 0.769401782539894
0.222222222222222 0.472222222222222 0.0367434008204041 0.743706734957008
0.222222222222222 0.5 -0.0011967940208813 0.71459419952611
0.222222222222222 0.527777777777778 -0.03645529031759 0.682285740220458
0.222222222222222 0.555555555555556 -0.0687637496232421 0.647027243923749
0.222222222222222 0.583333333333333 -0.0978762850541406 0.609087049082463
0.222222222222222 0.611111111111111 -0.123571332637027 0.56875390348826
0.222222222222222 0.638888888888889 -0.1456533375447 0.526334766732929
0.222222222222222 0.666666666666667 -0.163954242386336 0.482152474060554
0.222222222222222 0.694444444444444 -0.178334766225699 0.436543279396369
0.222222222222222 0.722222222222222 -0.188685464593175 0.389854296251353
0.222222222222222 0.75 -0.194927562424265 0.34244085597882
0.222222222222222 0.777777777777778 -0.197013553585392 0.29466380348826
0.222222222222222 0.805555555555556 -0.194927562424265 0.2468867509977
0.222222222222222 0.833333333333333 -0.188685464593175 0.199473310725166
0.222222222222222 0.861111111111111 -0.178334766225699 0.152784327580151
0.222222222222222 0.888888888888889 -0.163954242386336 0.107175132915966
0.222222222222222 0.916666666666667 -0.1456533375447 0.0629928402435908
0.222222222222222 0.944444444444444 -0.123571332637026 0.0205737034882597
0.222222222222222 0.972222222222222 -0.0978762850541406 -0.019759442105944
0.222222222222222 1 -0.0687637496232422 -0.0576996369472293
0.25 0 0.71177064538322 0.71177064538322
0.25 0.0277777777777778 0.676512149086511 0.744079104688872
0.25 0.0555555555555556 0.638571954245226 0.77319164011977
0.25 0.0833333333333333 0.598238808651022 0.798886687702656
0.25 0.111111111111111 0.555819671895691 0.82096869261033
0.25 0.138888888888889 0.511637379223316 0.839269597451965
0.25 0.166666666666667 0.466028184559131 0.853650121291328
0.25 0.194444444444444 0.419339201414115 0.864000819658805
0.25 0.222222222222222 0.371925761141582 0.870242917489894
0.25 0.25 0.324148708651022 0.872328908651022
0.25 0.277777777777778 0.276371656160462 0.870242917489894
0.25 0.305555555555556 0.228958215887928 0.864000819658805
0.25 0.333333333333333 0.182269232742913 0.853650121291328
0.25 0.361111111111111 0.136660038078728 0.839269597451965
0.25 0.388888888888889 0.0924777454063529 0.82096869261033
0.25 0.416666666666667 0.0500586086510219 0.798886687702656
0.25 0.444444444444444 0.00972546305681804 0.77319164011977
0.25 0.472222222222222 -0.0282147317844673 0.744079104688872
0.25 0.5 -0.063473228081176 0.71177064538322
0.25 0.527777777777778 -0.0957816873868281 0.676512149086511
0.25 0.555555555555556 -0.124894222817727 0.638571954245225
0.25 0.583333333333333 -0.150589270400613 0.598238808651022
0.25 0.611111111111111 -0.172671275308286 0.555819671895691
0.25 0.638888888888889 -0.190972180149922 0.511637379223316
0.25 0.666666666666667 -0.205352703989285 0.466028184559131
0.25 0.694444444444444 -0.215703402356761 0.419339201414115
0.25 0.722222222222222 -0.221945500187851 0.371925761141582
0.25 0.75 -0.224031491348978 0.324148708651022
0.25 0.777777777777778 -0.221945500187851 0.276371656160462
0.25 0.805555555555556 -0.215703402356761 0.228958215887928
0.25 0.833333333333333 -0.205352703989285 0.182269232742913
0.25 0.861111111111111 -0.190972180149922 0.136660038078728
0.25 0.888888888888889 -0.172671275308286 0.0924777454063529
0.25 0.916666666666667 -0.150589270400612 0.0500586086510217
0.25 0.944444444444444 -0.124894222817727 0.00972546305681798
0.25 0.972222222222222 -0.0957816873868282 -0.0282147317844673
0.25 1 -0.0634732280811762 -0.0634732280811761
0.277777777777778 0 0.647027243923749 0.771097042452458
0.277777777777778 0.0277777777777778 0.609087049082464 0.800209577883356
0.277777777777778 0.0555555555555556 0.56875390348826 0.825904625466242
0.277777777777778 0.0833333333333333 0.526334766732929 0.847986630373916
0.277777777777778 0.111111111111111 0.482152474060554 0.866287535215551
0.277777777777778 0.138888888888889 0.436543279396369 0.880668059054915
0.277777777777778 0.166666666666667 0.389854296251353 0.891018757422391
0.277777777777778 0.194444444444444 0.34244085597882 0.897260855253481
0.277777777777778 0.222222222222222 0.29466380348826 0.899346846414608
0.277777777777778 0.25 0.2468867509977 0.897260855253481
0.277777777777778 0.277777777777778 0.199473310725166 0.891018757422391
0.277777777777778 0.305555555555556 0.152784327580151 0.880668059054915
0.277777777777778 0.333333333333333 0.107175132915966 0.866287535215551
0.277777777777778 0.361111111111111 0.0629928402435909 0.847986630373916
0.277777777777778 0.388888888888889 0.0205737034882599 0.825904625466242
0.277777777777778 0.416666666666667 -0.019759442105944 0.800209577883356
0.277777777777778 0.444444444444444 -0.0576996369472293 0.771097042452458
0.277777777777778 0.472222222222222 -0.092958133243938 0.738788583146806
0.277777777777778 0.5 -0.12526659254959 0.703530086850097
0.277777777777778 0.527777777777778 -0.154379127980489 0.665589892008811
0.277777777777778 0.555555555555556 -0.180074175563375 0.625256746414608
0.277777777777778 0.583333333333333 -0.202156180471048 0.582837609659277
0.277777777777778 0.611111111111111 -0.220457085312684 0.538655316986902
0.277777777777778 0.638888888888889 -0.234837609152047 0.493046122322717
0.277777777777778 0.666666666666667 -0.245188307519523 0.446357139177701
0.277777777777778 0.694444444444444 -0.251430405350613 0.398943698905168
0.277777777777778 0.722222222222222 -0.25351639651174 0.351166646414608
0.277777777777778 0.75 -0.251430405350613 0.303389593924048
0.277777777777778 0.777777777777778 -0.245188307519523 0.255976153651514
0.277777777777778 0.805555555555556 -0.234837609152047 0.209287170506499
0.277777777777778 0.833333333333333 -0.220457085312684 0.163677975842314
0.277777777777778 0.861111111111111 -0.202156180471048 0.119495683169939
0.277777777777778 0.888888888888889 -0.180074175563375 0.0770765464146078
0.277777777777778 0.916666666666667 -0.154379127980489 0.0367434008204041
0.277777777777778 0.944444444444444 -0.12526659254959 -0.00119679402088119
0.277777777777778 0.972222222222222 -0.0929581332439382 -0.03645529031759
0.277777777777778 1 -0.0576996369472294 -0.0687637496232421
0.305555555555556 0 0.577359574452287 0.824554925427509
0.305555555555556 0.0277777777777778 0.537026428858083 0.850249973010395
0.305555555555556 0.0555555555555556 0.494607292102752 0.872331977918068
0.305555555555556 0.0833333333333333 0.450424999430377 0.890632882759704
0.305555555555556 0.111111111111111 0.404815804766192 0.905013406599067
0.305555555555556 0.138888888888889 0.358126821621176 0.915364104966543
0.305555555555556 0.166666666666667 0.310713381348643 0.921606202797633
0.305555555555556 0.194444444444444 0.262936328858083 0.92369219395876
0.305555555555556 0.222222222222222 0.215159276367523 0.921606202797633
0.305555555555556 0.25 0.16774583609499 0.915364104966543
0.305555555555556 0.277777777777778 0.121056852949974 0.905013406599067
0.305555555555556 0.305555555555556 0.0754476582857893 0.890632882759704
0.305555555555556 0.333333333333333 0.0312653656134141 0.872331977918068
0.305555555555556 0.361111111111111 -0.0111537711419169 0.850249973010395
0.305555555555556 0.388888888888889 -0.0514869167361208 0.824554925427509
0.305555555555556 0.416666666666667 -0.0894271115774061 0.79544238999661
0.305555555555556 0.444444444444444 -0.124685607874115 0.763133930690958
0.305555555555556 0.472222222222222 -0.156994067179767 0.72787543439425
0.305555555555556 0.5 -0.186106602610665 0.689935239552964
0.305555555555556 0.527777777777778 -0.211801650193551 0.64960209395876
0.305555555555556 0.555555555555556 -0.233883655101225 0.607182957203429
0.305555555555556 0.583333333333333 -0.25218455994286 0.563000664531054
0.305555555555556 0.611111111111111 -0.266565083782224 0.517391469866869
0.305555555555556 0.638888888888889 -0.2769157821497 0.470702486721854
0.305555555555556 0.666666666666667 -0.28315787998079 0.42328904644932
0.305555555555556 0.694444444444444 -0.285243871141917 0.37551199395876
0.305555555555556 0.722222222222222 -0.28315787998079 0.327734941468201
0.305555555555556 0.75 -0.2769157821497 0.280321501195667
0.305555555555556 0.777777777777778 -0.266565083782224 0.233632518050651
0.305555555555556 0.805555555555556 -0.25218455994286 0.188023323386467
0.305555555555556 0.833333333333333 -0.233883655101225 0.143841030714091
0.305555555555556 0.861111111111111 -0.211801650193551 0.10142189395876
0.305555555555556 0.888888888888889 -0.186106602610665 0.0610887483645565
0.305555555555556 0.916666666666667 -0.156994067179767 0.0231485535232713
0.305555555555556 0.944444444444444 -0.124685607874115 -0.0121099427734375
0.305555555555556 0.972222222222222 -0.0894271115774062 -0.0444184020790896
0.305555555555556 1 -0.0514869167361209 -0.073530937509988
0.333333333333333 0 0.50329785 0.87173744754018
0.333333333333333 0.0277777777777778 0.460878713244669 0.893819452447853
0.333333333333333 0.0555555555555556 0.416696420572294 0.912120357289489
0.333333333333333 0.0833333333333333 0.371087225908109 0.926500881128852
0.333333333333333 0.111111111111111 0.324398242763093 0.936851579496328
0.333333333333333 0.138888888888889 0.27698480249056 0.943093677327418
0.333333333333333 0.166666666666667 0.22920775 0.945179668488545
0.333333333333333 0.194444444444444 0.18143069750944 0.943093677327418
0.333333333333333 0.222222222222222 0.134017257236907 0.936851579496328
0.333333333333333 0.25 0.0873282740918911 0.926500881128852
0.333333333333333 0.277777777777778 0.0417190794277063 0.912120357289489
0.333333333333333 0.305555555555556 -0.00246321324466886 0.893819452447854
0.333333333333333 0.333333333333333 -0.0448823499999998 0.87173744754018
0.333333333333333 0.361111111111111 -0.0852154955942037 0.846042399957294
0.333333333333333 0.388888888888889 -0.123155690435489 0.816929864526395
0.333333333333333 0.416666666666667 -0.158414186732198 0.784621405220743
0.333333333333333 0.444444444444444 -0.19072264603785 0.749362908924034
0.333333333333333 0.472222222222222 -0.219835181468748 0.711422714082749
0.333333333333333 0.5 -0.245530229051634 0.671089568488545
0.333333333333333 0.527777777777778 -0.267612233959308 0.628670431733214
0.333333333333333 0.555555555555556 -0.285913138800943 0.584488139060839
0.333333333333333 0.583333333333333 -0.300293662640307 0.538878944396654
0.333333333333333 0.611111111111111 -0.310644361007783 0.492189961251639
0.333333333333333 0.638888888888889 -0.316886458838873 0.444776520979105
0.333333333333333 0.666666666666667 -0.31897245 0.396999468488545
0.333333333333333 0.694444444444444 -0.316886458838873 0.349222415997986
0.333333333333333 0.722222222222222 -0.310644361007783 0.301808975725452
0.333333333333333 0.75 -0.300293662640307 0.255119992580436
0.333333333333333 0.777777777777778 -0.285913138800943 0.209510797916252
0.333333333333333 0.805555555555556 -0.267612233959308 0.165328505243876
0.333333333333333 0.833333333333333 -0.245530229051634 0.122909368488545
0.333333333333333 0.861111111111111 -0.219835181468748 0.0825762228943415
0.333333333333333 0.888888888888889 -0.19072264603785 0.0446360280530563
0.333333333333333 0.916666666666667 -0.158414186732198 0.00937753175634748
0.333333333333333 0.944444444444444 -0.123155690435489 -0.0229309275493046
0.333333333333333 0.972222222222222 -0.0852154955942038 -0.052043462980203
0.333333333333333 1 -0.0448823500000002 -0.0777385105630889
0.361111111111111 0 0.425405725009663 0.912285521307608
0.361111111111111 0.0277777777777778 0.381223432337287 0.930586426149243
0.361111111111111 0.0555555555555556 0.335614237673102 0.944966949988606
0.361111111111111 0.0833333333333333 0.288925254528087 0.955317648356082
0.361111111111111 0.111111111111111 0.241511814255553 0.961559746187172
0.361111111111111 0.138888888888889 0.193734761764994 0.963645737348299
0.361111111111111 0.166666666666667 0.145957709274434 0.961559746187172
0.361111111111111 0.194444444444444 0.0985442690019002 0.955317648356082
0.361111111111111 0.222222222222222 0.0518552858568847 0.944966949988606
0.361111111111111 0.25 0.00624609119269987 0.930586426149243
0.361111111111111 0.277777777777778 -0.0379362014796753 0.912285521307608
0.361111111111111 0.305555555555556 -0.0803553382350063 0.890203516399934
0.361111111111111 0.333333333333333 -0.12068848382921 0.864508468817048
0.361111111111111 0.361111111111111 -0.158628678670496 0.835395933386149
0.361111111111111 0.388888888888889 -0.193887174967204 0.803087474080497
0.361111111111111 0.416666666666667 -0.226195634272856 0.767828977783789
0.361111111111111 0.444444444444444 -0.255308169703755 0.729888782942503
0.361111111111111 0.472222222222222 -0.281003217286641 0.689555637348299
0.361111111111111 0.5 -0.303085222194315 0.647136500592968
0.361111111111111 0.527777777777778 -0.32138612703595 0.602954207920593
0.361111111111111 0.555555555555556 -0.335766650875313 0.557345013256408
0.361111111111111 0.583333333333333 -0.346117349242789 0.510656030111393
0.361111111111111 0.611111111111111 -0.352359447073879 0.463242589838859
0.361111111111111 0.638888888888889 -0.354445438235006 0.415465537348299
0.361111111111111 0.666666666666667 -0.352359447073879 0.36768848485774
0.361111111111111 0.694444444444444 -0.346117349242789 0.320275044585206
0.361111111111111 0.722222222222222 -0.335766650875313 0.27358606144019
0.361111111111111 0.75 -0.32138612703595 0.227976866776006
0.361111111111111 0.777777777777778 -0.303085222194315 0.183794574103631
0.361111111111111 0.805555555555556 -0.281003217286641 0.141375437348299
0.361111111111111 0.833333333333333 -0.255308169703755 0.101042291754096
0.361111111111111 0.861111111111111 -0.226195634272856 0.0631020969128104
0.361111111111111 0.888888888888889 -0.193887174967204 0.0278436006161016
0.361111111111111 0.916666666666667 -0.158628678670496 -0.00446485868955054
0.361111111111111 0.944444444444444 -0.12068848382921 -0.0335773941204489
0.361111111111111 0.972222222222222 -0.0803553382350066 -0.0592724417033348
0.361111111111111 1 -0.0379362014796752 -0.0813544466110088
0.388888888888889 0 0.344276005585002 0.945890551404826
0.388888888888889 0.0277777777777778 0.298666810920817 0.960271075244189
0.388888888888889 0.0555555555555556 0.251977827775802 0.970621773611665
0.388888888888889 0.0833333333333333 0.204564387503268 0.976863871442755
0.388888888888889 0.111111111111111 0.156787335012708 0.978949862603883
0.388888888888889 0.138888888888889 0.109010282522148 0.976863871442755
0.388888888888889 0.166666666666667 0.0615968422496148 0.970621773611665
0.388888888888889 0.194444444444444 0.0149078591045992 0.960271075244189
0.388888888888889 0.222222222222222 -0.0307013355595856 0.945890551404826
0.388888888888889 0.25 -0.0748836282319608 0.927589646563191
0.388888888888889 0.277777777777778 -0.117302764987292 0.905507641655517
0.388888888888889 0.305555555555556 -0.157635910581496 0.879812594072631
0.388888888888889 0.333333333333333 -0.195576105422781 0.850700058641733
0.388888888888889 0.361111111111111 -0.23083460171949 0.81839159933608
0.388888888888889 0.388888888888889 -0.263143061025142 0.783133103039372
0.388888888888889 0.416666666666667 -0.29225559645604 0.745192908198086
0.388888888888889 0.444444444444444 -0.317950644038926 0.704859762603883
0.388888888888889 0.472222222222222 -0.3400326489466 0.662440625848552
0.388888888888889 0.5 -0.358333553788235 0.618258333176176
0.388888888888889 0.527777777777778 -0.372714077627599 0.572649138511992
0.388888888888889 0.555555555555556 -0.383064775995075 0.525960155366976
0.388888888888889 0.583333333333333 -0.389306873826165 0.478546715094442
0.388888888888889 0.611111111111111 -0.391392864987292 0.430769662603883
0.388888888888889 0.638888888888889 -0.389306873826165 0.382992610113323
0.388888888888889 0.666666666666667 -0.383064775995075 0.335579169840789
0.388888888888889 0.694444444444444 -0.372714077627599 0.288890186695774
0.388888888888889 0.722222222222222 -0.358333553788235 0.243280992031589
0.388888888888889 0.75 -0.3400326489466 0.199098699359214
0.388888888888889 0.777777777777778 -0.317950644038926 0.156679562603882
0.388888888888889 0.805555555555556 -0.29225559645604 0.116346417009679
0.388888888888889 0.833333333333333 -0.263143061025142 0.0784062221683935
0.388888888888889 0.861111111111111 -0.23083460171949 0.0431477258716848
0.388888888888889 0.888888888888889 -0.195576105422781 0.0108392665660326
0.388888888888889 0.916666666666667 -0.157635910581496 -0.0182732688648657
0.388888888888889 0.944444444444444 -0.117302764987292 -0.0439683164477516
0.388888888888889 0.972222222222222 -0.0748836282319607 -0.0660503213554257
0.388888888888889 1 -0.0307013355595855 -0.0843512261970609
0.416666666666667 0 0.260526137878303 0.972296783261523
0.416666666666667 0.0277777777777778 0.213837154733288 0.982647481628999
0.416666666666667 0.0555555555555556 0.166423714460754 0.988889579460089
0.416666666666667 0.0833333333333333 0.118646661970195 0.990975570621216
0.416666666666667 0.111111111111111 0.0708696094796347 0.988889579460089
0.416666666666667 0.138888888888889 0.0234561692071012 0.982647481628999
0.416666666666667 0.166666666666667 -0.0232328139379143 0.972296783261523
0.416666666666667 0.194444444444444 -0.0688420086020991 0.95791625942216
0.416666666666667 0.222222222222222 -0.113024301274474 0.939615354580525
0.416666666666667 0.25 -0.155443438029805 0.917533349672851
0.416666666666667 0.277777777777778 -0.195776583624009 0.891838302089965
0.416666666666667 0.305555555555556 -0.233716778465295 0.862725766659066
0.416666666666667 0.333333333333333 -0.268975274762003 0.830417307353414
0.416666666666667 0.361111111111111 -0.301283734067655 0.795158811056706
0.416666666666667 0.388888888888889 -0.330396269498554 0.75721861621542
0.416666666666667 0.416666666666667 -0.35609131708144 0.716885470621216
0.416666666666667 0.444444444444444 -0.378173321989114 0.674466333865885
0.416666666666667 0.472222222222222 -0.396474226830749 0.63028404119351
0.416666666666667 0.5 -0.410854750670112 0.584674846529325
0.416666666666667 0.527777777777778 -0.421205449037588 0.53798586338431
0.416666666666667 0.555555555555556 -0.427447546868678 0.490572423111776
0.416666666666667 0.583333333333333 -0.429533538029805 0.442795370621216
0.416666666666667 0.611111111111111 -0.427447546868678 0.395018318130657
0.416666666666667 0.638888888888889 -0.421205449037588 0.347604877858123
0.416666666666667 0.666666666666667 -0.410854750670112 0.300915894713108
0.416666666666667 0.694444444444444 -0.396474226830749 0.255306700048923
0.416666666666667 0.722222222222222 -0.378173321989114 0.211124407376548
0.416666666666667 0.75 -0.35609131708144 0.168705270621216
0.416666666666667 0.777777777777778 -0.330396269498554 0.128372125027013
0.416666666666667 0.805555555555556 -0.301283734067655 0.0904319301857274
0.416666666666667 0.833333333333333 -0.268975274762003 0.0551734338890186
0.416666666666667 0.861111111111111 -0.233716778465295 0.0228649745833664
0.416666666666667 0.888888888888889 -0.195776583624009 -0.00624756084753186
0.416666666666667 0.916666666666667 -0.155443438029806 -0.0319426084304178
0.416666666666667 0.944444444444444 -0.113024301274474 -0.0540246133380918
0.416666666666667 0.972222222222222 -0.0688420086020991 -0.072325518179727
0.416666666666667 1 -0.0232328139379142 -0.0867060420190903
0.444444444444444 0 0.174793508952368 0.991303249508751
0.444444444444444 0.0277777777777778 0.127380068679835 0.997545347339841
0.444444444444444 0.0555555555555556 0.0796030161892748 0.999631338500968
0.444444444444444 0.0833333333333333 0.0318259636987149 0.997545347339841
0.444444444444444 0.111111111111111 -0.0155874765738186 0.991303249508751
0.444444444444444 0.138888888888889 -0.0622764597188342 0.980952551141274
0.444444444444444 0.166666666666667 -0.107885654383019 0.966572027301911
0.444444444444444 0.194444444444444 -0.152067947055394 0.948271122460276
0.444444444444444 0.222222222222222 -0.194487083810725 0.926189117552602
0.444444444444444 0.25 -0.234820229404929 0.900494069969716
0.444444444444444 0.277777777777778 -0.272760424246214 0.871381534538818
0.444444444444444 0.305555555555556 -0.308018920542923 0.839073075233166
0.444444444444444 0.333333333333333 -0.340327379848575 0.803814578936457
0.444444444444444 0.361111111111111 -0.369439915279474 0.765874384095171
0.444444444444444 0.388888888888889 -0.39513496286236 0.725541238500968
0.444444444444444 0.416666666666667 -0.417216967770033 0.683122101745637
0.444444444444444 0.444444444444444 -0.435517872611669 0.638939809073262
0.444444444444444 0.472222222222222 -0.449898396451032 0.593330614409077
0.444444444444444 0.5 -0.460249094818508 0.546641631264061
0.444444444444444 0.527777777777778 -0.466491192649598 0.499228190991528
0.444444444444444 0.555555555555556 -0.468577183810725 0.451451138500968
0.444444444444444 0.583333333333333 -0.466491192649598 0.403674086010408
0.444444444444444 0.611111111111111 -0.460249094818508 0.356260645737874
0.444444444444444 0.638888888888889 -0.449898396451032 0.309571662592859
0.444444444444444 0.666666666666667 -0.435517872611669 0.263962467928674
0.444444444444444 0.694444444444444 -0.417216967770033 0.219780175256299
0.444444444444444 0.722222222222222 -0.39513496286236 0.177361038500968
0.444444444444444 0.75 -0.369439915279474 0.137027892906764
0.444444444444444 0.777777777777778 -0.340327379848575 0.0990876980654788
0.444444444444444 0.805555555555556 -0.308018920542923 0.06382920176877
0.444444444444444 0.833333333333333 -0.272760424246214 0.0315207424631179
0.444444444444444 0.861111111111111 -0.234820229404929 0.00240820703221956
0.444444444444444 0.888888888888889 -0.194487083810725 -0.0232868405506664
0.444444444444444 0.916666666666667 -0.152067947055394 -0.0453688454583404
0.444444444444444 0.944444444444444 -0.107885654383019 -0.0636697502999756
0.444444444444444 0.972222222222222 -0.0622764597188341 -0.0780502741393389
0.444444444444444 1 -0.0155874765738187 -0.0884009725068151
0.472222222222222 0 0.0877305958800989 1.00276529946195
0.472222222222222 0.0277777777777778 0.0399535433895391 1.00485129062308
0.472222222222222 0.0555555555555556 -0.00782350910102077 1.00276529946195
0.472222222222222 0.0833333333333333 -0.0552369493735543 0.996523201630859
0.472222222222222 0.111111111111111 -0.10192593251857 0.986172503263383
0.472222222222222 0.138888888888889 -0.147535127182755 0.97179197942402
0.472222222222222 0.166666666666667 -0.19171741985513 0.953491074582385
0.472222222222222 0.194444444444444 -0.234136556610461 0.931409069674711
0.472222222222222 0.222222222222222 -0.274469702204665 0.905714022091825
0.472222222222222 0.25 -0.31240989704595 0.876601486660927
0.472222222222222 0.277777777777778 -0.347668393342659 0.844293027355274
0.472222222222222 0.305555555555556 -0.379976852648311 0.809034531058566
0.472222222222222 0.333333333333333 -0.409089388079209 0.77109433621728
0.472222222222222 0.361111111111111 -0.434784435662095 0.730761190623076
0.472222222222222 0.388888888888889 -0.456866440569769 0.688342053867746
0.472222222222222 0.416666666666667 -0.475167345411404 0.64415976119537
0.472222222222222 0.444444444444444 -0.489547869250768 0.598550566531186
0.472222222222222 0.472222222222222 -0.499898567618244 0.55186158338617
0.472222222222222 0.5 -0.506140665449334 0.504448143113636
0.472222222222222 0.527777777777778 -0.508226656610461 0.456671090623077
0.472222222222222 0.555555555555556 -0.506140665449334 0.408894038132517
0.472222222222222 0.583333333333333 -0.499898567618244 0.361480597859983
0.472222222222222 0.611111111111111 -0.489547869250768 0.314791614714968
0.472222222222222 0.638888888888889 -0.475167345411404 0.269182420050783
0.472222222222222 0.666666666666667 -0.456866440569769 0.225000127378408
0.472222222222222 0.694444444444444 -0.434784435662095 0.182580990623076
0.472222222222222 0.722222222222222 -0.409089388079209 0.142247845028873
0.472222222222222 0.75 -0.379976852648311 0.104307650187588
0.472222222222222 0.777777777777778 -0.347668393342659 0.0690491538908787
0.472222222222222 0.805555555555556 -0.31240989704595 0.0367406945852266
0.472222222222222 0.833333333333333 -0.274469702204665 0.0076281591543283
0.472222222222222 0.861111111111111 -0.234136556610461 -0.0180668884285576
0.472222222222222 0.888888888888889 -0.19171741985513 -0.0401488933362317
0.472222222222222 0.916666666666667 -0.147535127182755 -0.0584497981778669
0.472222222222222 0.944444444444444 -0.10192593251857 -0.0728303220172302
0.472222222222222 0.972222222222222 -0.0552369493735543 -0.0831810203847063
0.472222222222222 1 -0.00782350910102077 -0.0894231182157962
0.5 0 6.16341744975142E-17 1.0065957
0.5 0.0277777777777778 -0.0477770524905598 1.00450970883887
0.5 0.0555555555555556 -0.0951904927630934 0.998267611007783
0.5 0.0833333333333333 -0.141879475908109 0.987916912640307
0.5 0.111111111111111 -0.187488670572294 0.973536388800943
0.5 0.138888888888889 -0.231670963244669 0.955235483959308
0.5 0.166666666666667 -0.2740901 0.933153479051634
0.5 0.194444444444444 -0.314423245594204 0.907458431468748
0.5 0.222222222222222 -0.352363440435489 0.87834589603785
0.5 0.25 -0.387621936732198 0.846037436732198
0.5 0.277777777777778 -0.41993039603785 0.810778940435489
0.5 0.305555555555556 -0.449042931468748 0.772838745594204
0.5 0.333333333333333 -0.474737979051634 0.7325056
0.5 0.361111111111111 -0.496819983959308 0.690086463244669
0.5 0.388888888888889 -0.515120888800943 0.645904170572294
0.5 0.416666666666667 -0.529501412640307 0.600294975908109
0.5 0.444444444444444 -0.539852111007783 0.553605992763093
0.5 0.472222222222222 -0.546094208838873 0.50619255249056
0.5 0.5 -0.5481802 0.4584155
0.5 0.527777777777778 -0.546094208838873 0.41063844750944
0.5 0.555555555555556 -0.539852111007783 0.363225007236906
0.5 0.583333333333333 -0.529501412640307 0.316536024091891
0.5 0.611111111111111 -0.515120888800943 0.270926829427706
0.5 0.638888888888889 -0.496819983959308 0.226744536755331
0.5 0.666666666666667 -0.474737979051634 0.1843254
0.5 0.694444444444444 -0.449042931468748 0.143992254405796
0.5 0.722222222222222 -0.41993039603785 0.106052059564511
0.5 0.75 -0.387621936732198 0.0707935632678022
0.5 0.777777777777778 -0.352363440435489 0.03848510396215
0.5 0.805555555555556 -0.314423245594204 0.00937256853125173
0.5 0.833333333333333 -0.2740901 -0.0163224790516342
0.5 0.861111111111111 -0.231670963244669 -0.0384044839593082
0.5 0.888888888888889 -0.187488670572294 -0.0567053888009434
0.5 0.916666666666667 -0.141879475908109 -0.0710859126403067
0.5 0.944444444444444 -0.0951904927630934 -0.0814366110077829
0.5 0.972222222222222 -0.0477770524905598 -0.0876787088388727
0.5 1 -7.26268166944101E-17 -0.0897647
0.527777777777778 0 -0.087730595880099 1.00276529946195
0.527777777777778 0.0277777777777778 -0.135144036152633 0.996523201630859
0.527777777777778 0.0555555555555556 -0.181833019297648 0.986172503263383
0.527777777777778 0.0833333333333333 -0.227442213961833 0.97179197942402
0.527777777777778 0.111111111111111 -0.271624506634208 0.953491074582385
0.527777777777778 0.138888888888889 -0.314043643389539 0.931409069674711
0.527777777777778 0.166666666666667 -0.354376788983743 0.905714022091825
0.527777777777778 0.194444444444444 -0.392316983825028 0.876601486660927
0.527777777777778 0.222222222222222 -0.427575480121737 0.844293027355274
0.527777777777778 0.25 -0.459883939427389 0.809034531058566
0.527777777777778 0.277777777777778 -0.488996474858288 0.77109433621728
0.527777777777778 0.305555555555556 -0.514691522441174 0.730761190623076
0.527777777777778 0.333333333333333 -0.536773527348847 0.688342053867746
0.527777777777778 0.361111111111111 -0.555074432190483 0.64415976119537
0.527777777777778 0.388888888888889 -0.569454956029846 0.598550566531186
0.527777777777778 0.416666666666667 -0.579805654397322 0.55186158338617
0.527777777777778 0.444444444444444 -0.586047752228412 0.504448143113636
0.527777777777778 0.472222222222222 -0.588133743389539 0.456671090623077
0.527777777777778 0.5 -0.586047752228412 0.408894038132517
0.527777777777778 0.527777777777778 -0.579805654397322 0.361480597859983
0.527777777777778 0.555555555555556 -0.569454956029846 0.314791614714968
0.527777777777778 0.583333333333333 -0.555074432190483 0.269182420050783
0.527777777777778 0.611111111111111 -0.536773527348847 0.225000127378408
0.527777777777778 0.638888888888889 -0.514691522441173 0.182580990623076
0.527777777777778 0.666666666666667 -0.488996474858288 0.142247845028873
0.527777777777778 0.694444444444444 -0.459883939427389 0.104307650187588
0.527777777777778 0.722222222222222 -0.427575480121737 0.0690491538908787
0.527777777777778 0.75 -0.392316983825028 0.0367406945852266
0.527777777777778 0.777777777777778 -0.354376788983743 0.0076281591543283
0.527777777777778 0.805555555555556 -0.314043643389539 -0.0180668884285576
0.527777777777778 0.833333333333333 -0.271624506634208 -0.0401488933362317
0.527777777777778 0.861111111111111 -0.227442213961833 -0.0584497981778669
0.527777777777778 0.888888888888889 -0.181833019297648 -0.0728303220172302
0.527777777777778 0.916666666666667 -0.135144036152633 -0.0831810203847063
0.527777777777778 0.944444444444444 -0.087730595880099 -0.0894231182157962
0.527777777777778 0.972222222222222 -0.0399535433895392 -0.0915091093769235
0.527777777777778 1 0.00782350910102052 -0.0894231182157962
0.555555555555556 0 -0.174793508952368 0.991303249508751
0.555555555555556 0.0277777777777778 -0.221482492097384 0.980952551141274
0.555555555555556 0.0555555555555556 -0.267091686761568 0.966572027301911
0.555555555555556 0.0833333333333333 -0.311273979433944 0.948271122460276
0.555555555555556 0.111111111111111 -0.353693116189275 0.926189117552602
0.555555555555556 0.138888888888889 -0.394026261783478 0.900494069969716
0.555555555555556 0.166666666666667 -0.431966456624764 0.871381534538818
0.555555555555556 0.194444444444444 -0.467224952921472 0.839073075233166
0.555555555555556 0.222222222222222 -0.499533412227125 0.803814578936457
0.555555555555556 0.25 -0.528645947658023 0.765874384095171
0.555555555555556 0.277777777777778 -0.554340995240909 0.725541238500968
0.555555555555556 0.305555555555556 -0.576423000148583 0.683122101745637
0.555555555555556 0.333333333333333 -0.594723904990218 0.638939809073262
0.555555555555556 0.361111111111111 -0.609104428829581 0.593330614409077
0.555555555555556 0.388888888888889 -0.619455127197058 0.546641631264061
0.555555555555556 0.416666666666667 -0.625697225028147 0.499228190991528
0.555555555555556 0.444444444444444 -0.627783216189275 0.451451138500968
0.555555555555556 0.472222222222222 -0.625697225028147 0.403674086010408
0.555555555555556 0.5 -0.619455127197058 0.356260645737874
0.555555555555556 0.527777777777778 -0.609104428829581 0.309571662592859
0.555555555555556 0.555555555555556 -0.594723904990218 0.263962467928674
0.555555555555556 0.583333333333333 -0.576423000148583 0.219780175256299
0.555555555555556 0.611111111111111 -0.554340995240909 0.177361038500968
0.555555555555556 0.638888888888889 -0.528645947658023 0.137027892906764
0.555555555555556 0.666666666666667 -0.499533412227125 0.0990876980654788
0.555555555555556 0.694444444444444 -0.467224952921473 0.06382920176877
0.555555555555556 0.722222222222222 -0.431966456624764 0.0315207424631179
0.555555555555556 0.75 -0.394026261783479 0.00240820703221956
0.555555555555556 0.777777777777778 -0.353693116189275 -0.0232868405506664
0.555555555555556 0.805555555555556 -0.311273979433944 -0.0453688454583404
0.555555555555556 0.833333333333333 -0.267091686761568 -0.0636697502999756
0.555555555555556 0.861111111111111 -0.221482492097383 -0.0780502741393389
0.555555555555556 0.888888888888889 -0.174793508952368 -0.0884009725068151
0.555555555555556 0.916666666666667 -0.127380068679835 -0.0946430703379049
0.555555555555556 0.944444444444444 -0.0796030161892748 -0.0967290614990322
0.555555555555556 0.972222222222222 -0.031825963698715 -0.0946430703379049
0.555555555555556 1 0.0155874765738185 -0.0884009725068151
0.583333333333333 0 -0.260526137878304 0.972296783261523
0.583333333333333 0.0277777777777778 -0.306135332542488 0.95791625942216
0.583333333333333 0.0555555555555556 -0.350317625214864 0.939615354580525
0.583333333333333 0.0833333333333333 -0.392736761970195 0.917533349672851
0.583333333333333 0.111111111111111 -0.433069907564398 0.891838302089965
0.583333333333333 0.138888888888889 -0.471010102405684 0.862725766659066
0.583333333333333 0.166666666666667 -0.506268598702392 0.830417307353414
0.583333333333333 0.194444444444444 -0.538577058008045 0.795158811056706
0.583333333333333 0.222222222222222 -0.567689593438943 0.75721861621542
0.583333333333333 0.25 -0.593384641021829 0.716885470621216
0.583333333333333 0.277777777777778 -0.615466645929503 0.674466333865885
0.583333333333333 0.305555555555556 -0.633767550771138 0.63028404119351
0.583333333333333 0.333333333333333 -0.648148074610501 0.584674846529325
0.583333333333333 0.361111111111111 -0.658498772977978 0.53798586338431
0.583333333333333 0.388888888888889 -0.664740870809067 0.490572423111776
0.583333333333333 0.416666666666667 -0.666826861970195 0.442795370621216
0.583333333333333 0.444444444444444 -0.664740870809067 0.395018318130657
0.583333333333333 0.472222222222222 -0.658498772977978 0.347604877858123
0.583333333333333 0.5 -0.648148074610501 0.300915894713108
0.583333333333333 0.527777777777778 -0.633767550771138 0.255306700048923
0.583333333333333 0.555555555555556 -0.615466645929503 0.211124407376548
0.583333333333333 0.583333333333333 -0.593384641021829 0.168705270621216
0.583333333333333 0.611111111111111 -0.567689593438943 0.128372125027013
0.583333333333333 0.638888888888889 -0.538577058008045 0.0904319301857274
0.583333333333333 0.666666666666667 -0.506268598702393 0.0551734338890186
0.583333333333333 0.694444444444444 -0.471010102405684 0.0228649745833664
0.583333333333333 0.722222222222222 -0.433069907564399 -0.00624756084753186
0.583333333333333 0.75 -0.392736761970195 -0.0319426084304178
0.583333333333333 0.777777777777778 -0.350317625214863 -0.0540246133380918
0.583333333333333 0.805555555555556 -0.306135332542488 -0.072325518179727
0.583333333333333 0.833333333333333 -0.260526137878303 -0.0867060420190903
0.583333333333333 0.861111111111111 -0.213837154733288 -0.0970567403865665
0.583333333333333 0.888888888888889 -0.166423714460754 -0.103298838217656
0.583333333333333 0.916666666666667 -0.118646661970195 -0.105384829378784
0.583333333333333 0.944444444444444 -0.070869609479635 -0.103298838217656
0.583333333333333 0.972222222222222 -0.0234561692071014 -0.0970567403865665
0.583333333333333 1 0.0232328139379139 -0.0867060420190904
0.611111111111111 0 -0.344276005585002 0.945890551404826
0.611111111111111 0.0277777777777778 -0.388458298257377 0.927589646563191
0.611111111111111 0.0555555555555556 -0.430877435012708 0.905507641655517
0.611111111111111 0.0833333333333333 -0.471210580606912 0.879812594072631
0.611111111111111 0.111111111111111 -0.509150775448197 0.850700058641733
0.611111111111111 0.138888888888889 -0.544409271744906 0.818391599336081
0.611111111111111 0.166666666666667 -0.576717731050558 0.783133103039372
0.611111111111111 0.194444444444444 -0.605830266481457 0.745192908198086
0.611111111111111 0.222222222222222 -0.631525314064342 0.704859762603883
0.611111111111111 0.25 -0.653607318972016 0.662440625848552
0.611111111111111 0.277777777777778 -0.671908223813652 0.618258333176176
0.611111111111111 0.305555555555556 -0.686288747653015 0.572649138511992
0.611111111111111 0.333333333333333 -0.696639446020491 0.525960155366976
0.611111111111111 0.361111111111111 -0.702881543851581 0.478546715094442
0.611111111111111 0.388888888888889 -0.704967535012708 0.430769662603883
0.611111111111111 0.416666666666667 -0.702881543851581 0.382992610113323
0.611111111111111 0.444444444444444 -0.696639446020491 0.335579169840789
0.611111111111111 0.472222222222222 -0.686288747653015 0.288890186695774
0.611111111111111 0.5 -0.671908223813652 0.243280992031589
0.611111111111111 0.527777777777778 -0.653607318972016 0.199098699359214
0.611111111111111 0.555555555555556 -0.631525314064342 0.156679562603883
0.611111111111111 0.583333333333333 -0.605830266481457 0.116346417009679
0.611111111111111 0.611111111111111 -0.576717731050558 0.0784062221683936
0.611111111111111 0.638888888888889 -0.544409271744906 0.0431477258716848
0.611111111111111 0.666666666666667 -0.509150775448197 0.0108392665660327
0.611111111111111 0.694444444444444 -0.471210580606912 -0.0182732688648656
0.611111111111111 0.722222222222222 -0.430877435012708 -0.0439683164477516
0.611111111111111 0.75 -0.388458298257377 -0.0660503213554256
0.611111111111111 0.777777777777778 -0.344276005585002 -0.0843512261970608
0.611111111111111 0.805555555555556 -0.298666810920817 -0.0987317500364241
0.611111111111111 0.833333333333333 -0.251977827775801 -0.1090824484039
0.611111111111111 0.861111111111111 -0.204564387503268 -0.11532454623499
0.611111111111111 0.888888888888889 -0.156787335012708 -0.117410537396117
0.611111111111111 0.916666666666667 -0.109010282522148 -0.11532454623499
0.611111111111111 0.944444444444444 -0.0615968422496149 -0.1090824484039
0.611111111111111 0.972222222222222 -0.0149078591045995 -0.0987317500364242
0.611111111111111 1 0.0307013355595858 -0.0843512261970608
0.638888888888889 0 -0.425405725009662 0.912285521307608
0.638888888888889 0.0277777777777778 -0.467824861764993 0.890203516399934
0.638888888888889 0.0555555555555556 -0.508158007359197 0.864508468817048
0.638888888888889 0.0833333333333333 -0.546098202200483 0.835395933386149
0.638888888888889 0.111111111111111 -0.581356698497191 0.803087474080497
0.638888888888889 0.138888888888889 -0.613665157802843 0.767828977783789
0.638888888888889 0.166666666666667 -0.642777693233742 0.729888782942503
0.638888888888889 0.194444444444444 -0.668472740816628 0.689555637348299
0.638888888888889 0.222222222222222 -0.690554745724302 0.647136500592968
0.638888888888889 0.25 -0.708855650565937 0.602954207920593
0.638888888888889 0.277777777777778 -0.7232361744053 0.557345013256408
0.638888888888889 0.305555555555556 -0.733586872772776 0.510656030111393
0.638888888888889 0.333333333333333 -0.739828970603866 0.463242589838859
0.638888888888889 0.361111111111111 -0.741914961764994 0.4154655373483
0.638888888888889 0.388888888888889 -0.739828970603866 0.36768848485774
0.638888888888889 0.416666666666667 -0.733586872772776 0.320275044585206
0.638888888888889 0.444444444444444 -0.7232361744053 0.273586061440191
0.638888888888889 0.472222222222222 -0.708855650565937 0.227976866776006
0.638888888888889 0.5 -0.690554745724302 0.183794574103631
0.638888888888889 0.527777777777778 -0.668472740816628 0.141375437348299
0.638888888888889 0.555555555555556 -0.642777693233742 0.101042291754096
0.638888888888889 0.583333333333333 -0.613665157802844 0.0631020969128104
0.638888888888889 0.611111111111111 -0.581356698497192 0.0278436006161016
0.638888888888889 0.638888888888889 -0.546098202200483 -0.00446485868955049
0.638888888888889 0.666666666666667 -0.508158007359197 -0.0335773941204488
0.638888888888889 0.694444444444444 -0.467824861764994 -0.0592724417033347
0.638888888888889 0.722222222222222 -0.425405725009662 -0.0813544466110088
0.638888888888889 0.75 -0.381223432337287 -0.099655351452644
0.638888888888889 0.777777777777778 -0.335614237673102 -0.114035875292007
0.638888888888889 0.805555555555556 -0.288925254528087 -0.124386573659483
0.638888888888889 0.833333333333333 -0.241511814255553 -0.130628671490573
0.638888888888889 0.861111111111111 -0.193734761764994 -0.132714662651701
0.638888888888889 0.888888888888889 -0.145957709274434 -0.130628671490573
0.638888888888889 0.916666666666667 -0.0985442690019003 -0.124386573659483
0.638888888888889 0.944444444444444 -0.051855285856885 -0.114035875292007
0.638888888888889 0.972222222222222 -0.00624609119269964 -0.099655351452644
0.638888888888889 1 0.0379362014796755 -0.0813544466110087
0.666666666666667 0 -0.50329785 0.87173744754018
0.666666666666667 0.0277777777777778 -0.543630995594204 0.846042399957294
0.666666666666667 0.0555555555555556 -0.581571190435489 0.816929864526395
0.666666666666667 0.0833333333333333 -0.616829686732198 0.784621405220743
0.666666666666667 0.111111111111111 -0.64913814603785 0.749362908924035
0.666666666666667 0.138888888888889 -0.678250681468748 0.711422714082749
0.666666666666667 0.166666666666667 -0.703945729051634 0.671089568488545
0.666666666666667 0.194444444444444 -0.726027733959308 0.628670431733214
0.666666666666667 0.222222222222222 -0.744328638800943 0.584488139060839
0.666666666666667 0.25 -0.758709162640307 0.538878944396654
0.666666666666667 0.277777777777778 -0.769059861007783 0.492189961251639
0.666666666666667 0.305555555555556 -0.775301958838873 0.444776520979105
0.666666666666667 0.333333333333333 -0.77738795 0.396999468488545
0.666666666666667 0.361111111111111 -0.775301958838873 0.349222415997986
0.666666666666667 0.388888888888889 -0.769059861007783 0.301808975725452
0.666666666666667 0.416666666666667 -0.758709162640307 0.255119992580436
0.666666666666667 0.444444444444444 -0.744328638800943 0.209510797916252
0.666666666666667 0.472222222222222 -0.726027733959308 0.165328505243876
0.666666666666667 0.5 -0.703945729051634 0.122909368488545
0.666666666666667 0.527777777777778 -0.678250681468748 0.0825762228943416
0.666666666666667 0.555555555555556 -0.64913814603785 0.0446360280530563
0.666666666666667 0.583333333333333 -0.616829686732198 0.00937753175634753
0.666666666666667 0.611111111111111 -0.581571190435489 -0.0229309275493046
0.666666666666667 0.638888888888889 -0.543630995594204 -0.0520434629802029
0.666666666666667 0.666666666666667 -0.50329785 -0.0777385105630888
0.666666666666667 0.694444444444444 -0.460878713244669 -0.0998205154707629
0.666666666666667 0.722222222222222 -0.416696420572294 -0.118121420312398
0.666666666666667 0.75 -0.371087225908109 -0.132501944151761
0.666666666666667 0.777777777777778 -0.324398242763093 -0.142852642519238
0.666666666666667 0.805555555555556 -0.27698480249056 -0.149094740350327
0.666666666666667 0.833333333333333 -0.22920775 -0.151180731511455
0.666666666666667 0.861111111111111 -0.18143069750944 -0.149094740350327
0.666666666666667 0.888888888888889 -0.134017257236907 -0.142852642519238
0.666666666666667 0.916666666666667 -0.0873282740918913 -0.132501944151761
0.666666666666667 0.944444444444444 -0.041719079427706 -0.118121420312398
0.666666666666667 0.972222222222222 0.00246321324466919 -0.0998205154707628
0.666666666666667 1 0.0448823500000002 -0.0777385105630889
0.694444444444444 0 -0.577359574452287 0.824554925427509
0.694444444444444 0.0277777777777778 -0.615299769293572 0.79544238999661
0.694444444444444 0.0555555555555556 -0.650558265590281 0.763133930690958
0.694444444444444 0.0833333333333333 -0.682866724895933 0.727875434394249
0.694444444444444 0.111111111111111 -0.711979260326831 0.689935239552964
0.694444444444444 0.138888888888889 -0.737674307909717 0.64960209395876
0.694444444444444 0.166666666666667 -0.759756312817391 0.607182957203429
0.694444444444444 0.194444444444444 -0.778057217659026 0.563000664531054
0.694444444444444 0.222222222222222 -0.79243774149839 0.517391469866869
0.694444444444444 0.25 -0.802788439865866 0.470702486721854
0.694444444444444 0.277777777777778 -0.809030537696956 0.42328904644932
0.694444444444444 0.305555555555556 -0.811116528858083 0.37551199395876
0.694444444444444 0.333333333333333 -0.809030537696956 0.327734941468201
0.694444444444444 0.361111111111111 -0.802788439865866 0.280321501195667
0.694444444444444 0.388888888888889 -0.79243774149839 0.233632518050651
0.694444444444444 0.416666666666667 -0.778057217659026 0.188023323386467
0.694444444444444 0.444444444444444 -0.759756312817391 0.143841030714091
0.694444444444444 0.472222222222222 -0.737674307909717 0.10142189395876
0.694444444444444 0.5 -0.711979260326831 0.0610887483645565
0.694444444444444 0.527777777777778 -0.682866724895933 0.0231485535232712
0.694444444444444 0.555555555555556 -0.650558265590281 -0.0121099427734376
0.694444444444444 0.583333333333333 -0.615299769293572 -0.0444184020790897
0.694444444444444 0.611111111111111 -0.577359574452287 -0.073530937509988
0.694444444444444 0.638888888888889 -0.537026428858083 -0.0992259850928739
0.694444444444444 0.666666666666667 -0.494607292102752 -0.121307990000548
0.694444444444444 0.694444444444444 -0.450424999430377 -0.139608894842183
0.694444444444444 0.722222222222222 -0.404815804766192 -0.153989418681546
0.694444444444444 0.75 -0.358126821621176 -0.164340117049023
0.694444444444444 0.777777777777778 -0.310713381348643 -0.170582214880112
0.694444444444444 0.805555555555556 -0.262936328858083 -0.17266820604124
0.694444444444444 0.833333333333333 -0.215159276367523 -0.170582214880112
0.694444444444444 0.861111111111111 -0.16774583609499 -0.164340117049023
0.694444444444444 0.888888888888889 -0.121056852949974 -0.153989418681547
0.694444444444444 0.916666666666667 -0.0754476582857891 -0.139608894842183
0.694444444444444 0.944444444444444 -0.0312653656134139 -0.121307990000548
0.694444444444444 0.972222222222222 0.0111537711419171 -0.0992259850928741
0.694444444444444 1 0.0514869167361207 -0.0735309375099882
0.722222222222222 0 -0.647027243923749 0.771097042452458
0.722222222222222 0.0277777777777778 -0.682285740220458 0.738788583146806
0.722222222222222 0.0555555555555556 -0.71459419952611 0.703530086850097
0.722222222222222 0.0833333333333333 -0.743706734957008 0.665589892008811
0.722222222222222 0.111111111111111 -0.769401782539894 0.625256746414608
0.722222222222222 0.138888888888889 -0.791483787447568 0.582837609659277
0.722222222222222 0.166666666666667 -0.809784692289203 0.538655316986902
0.722222222222222 0.194444444444444 -0.824165216128566 0.493046122322717
0.722222222222222 0.222222222222222 -0.834515914496043 0.446357139177701
0.722222222222222 0.25 -0.840758012327133 0.398943698905168
0.722222222222222 0.277777777777778 -0.84284400348826 0.351166646414608
0.722222222222222 0.305555555555556 -0.840758012327133 0.303389593924048
0.722222222222222 0.333333333333333 -0.834515914496043 0.255976153651514
0.722222222222222 0.361111111111111 -0.824165216128566 0.209287170506499
0.722222222222222 0.388888888888889 -0.809784692289203 0.163677975842314
0.722222222222222 0.416666666666667 -0.791483787447568 0.119495683169939
0.722222222222222 0.444444444444444 -0.769401782539894 0.0770765464146078
0.722222222222222 0.472222222222222 -0.743706734957008 0.0367434008204041
0.722222222222222 0.5 -0.71459419952611 -0.00119679402088119
0.722222222222222 0.527777777777778 -0.682285740220458 -0.03645529031759
0.722222222222222 0.555555555555556 -0.647027243923749 -0.0687637496232421
0.722222222222222 0.583333333333333 -0.609087049082464 -0.0978762850541404
0.722222222222222 0.611111111111111 -0.56875390348826 -0.123571332637026
0.722222222222222 0.638888888888889 -0.526334766732929 -0.1456533375447
0.722222222222222 0.666666666666667 -0.482152474060553 -0.163954242386336
0.722222222222222 0.694444444444444 -0.436543279396369 -0.178334766225699
0.722222222222222 0.722222222222222 -0.389854296251353 -0.188685464593175
0.722222222222222 0.75 -0.34244085597882 -0.194927562424265
0.722222222222222 0.777777777777778 -0.29466380348826 -0.197013553585392
0.722222222222222 0.805555555555556 -0.2468867509977 -0.194927562424265
0.722222222222222 0.833333333333333 -0.199473310725167 -0.188685464593175
0.722222222222222 0.861111111111111 -0.152784327580151 -0.178334766225699
0.722222222222222 0.888888888888889 -0.107175132915966 -0.163954242386336
0.722222222222222 0.916666666666667 -0.0629928402435907 -0.1456533375447
0.722222222222222 0.944444444444444 -0.0205737034882597 -0.123571332637026
0.722222222222222 0.972222222222222 0.0197594421059439 -0.0978762850541406
0.722222222222222 1 0.0576996369472292 -0.0687637496232422
0.75 0 -0.71177064538322 0.71177064538322
0.75 0.0277777777777778 -0.744079104688872 0.676512149086511
0.75 0.0555555555555556 -0.77319164011977 0.638571954245226
0.75 0.0833333333333333 -0.798886687702656 0.598238808651022
0.75 0.111111111111111 -0.82096869261033 0.555819671895691
0.75 0.138888888888889 -0.839269597451965 0.511637379223316
0.75 0.166666666666667 -0.853650121291328 0.466028184559131
0.75 0.194444444444444 -0.864000819658805 0.419339201414115
0.75 0.222222222222222 -0.870242917489894 0.371925761141582
0.75 0.25 -0.872328908651022 0.324148708651022
0.75 0.277777777777778 -0.870242917489894 0.276371656160462
0.75 0.305555555555556 -0.864000819658805 0.228958215887928
0.75 0.333333333333333 -0.853650121291328 0.182269232742913
0.75 0.361111111111111 -0.839269597451965 0.136660038078728
0.75 0.388888888888889 -0.82096869261033 0.0924777454063529
0.75 0.416666666666667 -0.798886687702656 0.0500586086510217
0.75 0.444444444444444 -0.77319164011977 0.00972546305681804
0.75 0.472222222222222 -0.744079104688872 -0.0282147317844672
0.75 0.5 -0.71177064538322 -0.063473228081176
0.75 0.527777777777778 -0.676512149086511 -0.0957816873868281
0.75 0.555555555555556 -0.638571954245226 -0.124894222817726
0.75 0.583333333333333 -0.598238808651022 -0.150589270400612
0.75 0.611111111111111 -0.555819671895691 -0.172671275308286
0.75 0.638888888888889 -0.511637379223315 -0.190972180149922
0.75 0.666666666666667 -0.466028184559131 -0.205352703989285
0.75 0.694444444444444 -0.419339201414115 -0.215703402356761
0.75 0.722222222222222 -0.371925761141582 -0.221945500187851
0.75 0.75 -0.324148708651022 -0.224031491348978
0.75 0.777777777777778 -0.276371656160462 -0.221945500187851
0.75 0.805555555555556 -0.228958215887929 -0.215703402356761
0.75 0.833333333333333 -0.182269232742913 -0.205352703989285
0.75 0.861111111111111 -0.136660038078728 -0.190972180149922
0.75 0.888888888888889 -0.0924777454063527 -0.172671275308286
0.75 0.916666666666667 -0.0500586086510217 -0.150589270400612
0.75 0.944444444444444 -0.00972546305681804 -0.124894222817727
0.75 0.972222222222222 0.0282147317844673 -0.0957816873868282
0.75 1 0.063473228081176 -0.0634732280811762
0.777777777777778 0 -0.771097042452458 0.647027243923749
0.777777777777778 0.0277777777777778 -0.800209577883356 0.609087049082463
0.777777777777778 0.0555555555555556 -0.825904625466242 0.56875390348826
0.777777777777778 0.0833333333333333 -0.847986630373916 0.526334766732929
0.777777777777778 0.111111111111111 -0.866287535215551 0.482152474060554
0.777777777777778 0.138888888888889 -0.880668059054915 0.436543279396369
0.777777777777778 0.166666666666667 -0.891018757422391 0.389854296251353
0.777777777777778 0.194444444444444 -0.897260855253481 0.34244085597882
0.777777777777778 0.222222222222222 -0.899346846414608 0.29466380348826
0.777777777777778 0.25 -0.897260855253481 0.2468867509977
0.777777777777778 0.277777777777778 -0.891018757422391 0.199473310725166
0.777777777777778 0.305555555555556 -0.880668059054915 0.152784327580151
0.777777777777778 0.333333333333333 -0.866287535215551 0.107175132915966
0.777777777777778 0.361111111111111 -0.847986630373916 0.0629928402435909
0.777777777777778 0.388888888888889 -0.825904625466242 0.0205737034882598
0.777777777777778 0.416666666666667 -0.800209577883356 -0.0197594421059439
0.777777777777778 0.444444444444444 -0.771097042452458 -0.0576996369472292
0.777777777777778 0.472222222222222 -0.738788583146806 -0.092958133243938
0.777777777777778 0.5 -0.703530086850097 -0.12526659254959
0.777777777777778 0.527777777777778 -0.665589892008812 -0.154379127980488
0.777777777777778 0.555555555555556 -0.625256746414608 -0.180074175563374
0.777777777777778 0.583333333333333 -0.582837609659277 -0.202156180471048
0.777777777777778 0.611111111111111 -0.538655316986902 -0.220457085312684
0.777777777777778 0.638888888888889 -0.493046122322717 -0.234837609152047
0.777777777777778 0.666666666666667 -0.446357139177701 -0.245188307519523
0.777777777777778 0.694444444444444 -0.398943698905168 -0.251430405350613
0.777777777777778 0.722222222222222 -0.351166646414608 -0.25351639651174
0.777777777777778 0.75 -0.303389593924048 -0.251430405350613
0.777777777777778 0.777777777777778 -0.255976153651515 -0.245188307519523
0.777777777777778 0.805555555555556 -0.209287170506499 -0.234837609152047
0.777777777777778 0.833333333333333 -0.163677975842314 -0.220457085312684
0.777777777777778 0.861111111111111 -0.119495683169939 -0.202156180471048
0.777777777777778 0.888888888888889 -0.0770765464146078 -0.180074175563374
0.777777777777778 0.916666666666667 -0.0367434008204041 -0.154379127980489
0.777777777777778 0.944444444444444 0.00119679402088119 -0.12526659254959
0.777777777777778 0.972222222222222 0.0364552903175899 -0.0929581332439381
0.777777777777778 1 0.0687637496232421 -0.0576996369472294
0.805555555555556 0 -0.824554925427509 0.577359574452287
0.805555555555556 0.0277777777777778 -0.850249973010395 0.537026428858083
0.805555555555556 0.0555555555555556 -0.872331977918068 0.494607292102752
0.805555555555556 0.0833333333333333 -0.890632882759704 0.450424999430377
0.805555555555556 0.111111111111111 -0.905013406599067 0.404815804766192
0.805555555555556 0.138888888888889 -0.915364104966543 0.358126821621176
0.805555555555556 0.166666666666667 -0.921606202797633 0.310713381348643
0.805555555555556 0.194444444444444 -0.92369219395876 0.262936328858083
0.805555555555556 0.222222222222222 -0.921606202797633 0.215159276367523
0.805555555555556 0.25 -0.915364104966543 0.167745836094989
0.805555555555556 0.277777777777778 -0.905013406599067 0.121056852949974
0.805555555555556 0.305555555555556 -0.890632882759704 0.0754476582857892
0.805555555555556 0.333333333333333 -0.872331977918068 0.031265365613414
0.805555555555556 0.361111111111111 -0.850249973010395 -0.0111537711419172
0.805555555555556 0.388888888888889 -0.824554925427509 -0.0514869167361209
0.805555555555556 0.416666666666667 -0.79544238999661 -0.0894271115774061
0.805555555555556 0.444444444444444 -0.763133930690958 -0.124685607874115
0.805555555555556 0.472222222222222 -0.72787543439425 -0.156994067179767
0.805555555555556 0.5 -0.689935239552964 -0.186106602610665
0.805555555555556 0.527777777777778 -0.649602093958761 -0.211801650193551
0.805555555555556 0.555555555555556 -0.607182957203429 -0.233883655101225
0.805555555555556 0.583333333333333 -0.563000664531054 -0.252184559942861
0.805555555555556 0.611111111111111 -0.517391469866869 -0.266565083782224
0.805555555555556 0.638888888888889 -0.470702486721854 -0.2769157821497
0.805555555555556 0.666666666666667 -0.42328904644932 -0.28315787998079
0.805555555555556 0.694444444444444 -0.37551199395876 -0.285243871141917
0.805555555555556 0.722222222222222 -0.327734941468201 -0.28315787998079
0.805555555555556 0.75 -0.280321501195667 -0.2769157821497
0.805555555555556 0.777777777777778 -0.233632518050652 -0.266565083782224
0.805555555555556 0.805555555555556 -0.188023323386466 -0.252184559942861
0.805555555555556 0.833333333333333 -0.143841030714091 -0.233883655101225
0.805555555555556 0.861111111111111 -0.10142189395876 -0.211801650193551
0.805555555555556 0.888888888888889 -0.0610887483645566 -0.186106602610666
0.805555555555556 0.916666666666667 -0.0231485535232713 -0.156994067179767
0.805555555555556 0.944444444444444 0.0121099427734374 -0.124685607874115
0.805555555555556 0.972222222222222 0.0444184020790895 -0.0894271115774063
0.805555555555556 1 0.0735309375099879 -0.051486916736121
0.833333333333333 0 -0.87173744754018 0.50329785
0.833333333333333 0.0277777777777778 -0.893819452447854 0.460878713244669
0.833333333333333 0.0555555555555556 -0.912120357289489 0.416696420572294
0.833333333333333 0.0833333333333333 -0.926500881128852 0.371087225908109
0.833333333333333 0.111111111111111 -0.936851579496328 0.324398242763093
0.833333333333333 0.138888888888889 -0.943093677327418 0.27698480249056
0.833333333333333 0.166666666666667 -0.945179668488545 0.22920775
0.833333333333333 0.194444444444444 -0.943093677327418 0.18143069750944
0.833333333333333 0.222222222222222 -0.936851579496328 0.134017257236907
0.833333333333333 0.25 -0.926500881128852 0.0873282740918911
0.833333333333333 0.277777777777778 -0.912120357289489 0.0417190794277063
0.833333333333333 0.305555555555556 -0.893819452447854 -0.00246321324466892
0.833333333333333 0.333333333333333 -0.87173744754018 -0.0448823500000001
0.833333333333333 0.361111111111111 -0.846042399957294 -0.0852154955942038
0.833333333333333 0.388888888888889 -0.816929864526395 -0.123155690435489
0.833333333333333 0.416666666666667 -0.784621405220743 -0.158414186732198
0.833333333333333 0.444444444444444 -0.749362908924035 -0.19072264603785
0.833333333333333 0.472222222222222 -0.711422714082749 -0.219835181468748
0.833333333333333 0.5 -0.671089568488546 -0.245530229051634
0.833333333333333 0.527777777777778 -0.628670431733214 -0.267612233959308
0.833333333333333 0.555555555555556 -0.584488139060839 -0.285913138800943
0.833333333333333 0.583333333333333 -0.538878944396654 -0.300293662640307
0.833333333333333 0.611111111111111 -0.492189961251639 -0.310644361007783
0.833333333333333 0.638888888888889 -0.444776520979105 -0.316886458838873
0.833333333333333 0.666666666666667 -0.396999468488545 -0.31897245
0.833333333333333 0.694444444444444 -0.349222415997986 -0.316886458838873
0.833333333333333 0.722222222222222 -0.301808975725452 -0.310644361007783
0.833333333333333 0.75 -0.255119992580437 -0.300293662640307
0.833333333333333 0.777777777777778 -0.209510797916251 -0.285913138800943
0.833333333333333 0.805555555555556 -0.165328505243876 -0.267612233959308
0.833333333333333 0.833333333333333 -0.122909368488545 -0.245530229051634
0.833333333333333 0.861111111111111 -0.0825762228943416 -0.219835181468748
0.833333333333333 0.888888888888889 -0.0446360280530563 -0.19072264603785
0.833333333333333 0.916666666666667 -0.00937753175634759 -0.158414186732198
0.833333333333333 0.944444444444444 0.0229309275493045 -0.123155690435489
0.833333333333333 0.972222222222222 0.0520434629802029 -0.085215495594204
0.833333333333333 1 0.0777385105630888 -0.0448823500000003
0.861111111111111 0 -0.912285521307608 0.425405725009663
0.861111111111111 0.0277777777777778 -0.930586426149243 0.381223432337288
0.861111111111111 0.0555555555555556 -0.944966949988606 0.335614237673103
0.861111111111111 0.0833333333333333 -0.955317648356082 0.288925254528087
0.861111111111111 0.111111111111111 -0.961559746187172 0.241511814255553
0.861111111111111 0.138888888888889 -0.963645737348299 0.193734761764994
0.861111111111111 0.166666666666667 -0.961559746187172 0.145957709274434
0.861111111111111 0.194444444444444 -0.955317648356082 0.0985442690019002
0.861111111111111 0.222222222222222 -0.944966949988606 0.0518552858568848
0.861111111111111 0.25 -0.930586426149243 0.00624609119269992
0.861111111111111 0.277777777777778 -0.912285521307608 -0.0379362014796752
0.861111111111111 0.305555555555556 -0.890203516399934 -0.0803553382350064
0.861111111111111 0.333333333333333 -0.864508468817048 -0.12068848382921
0.861111111111111 0.361111111111111 -0.835395933386149 -0.158628678670495
0.861111111111111 0.388888888888889 -0.803087474080497 -0.193887174967204
0.861111111111111 0.416666666666667 -0.767828977783789 -0.226195634272856
0.861111111111111 0.444444444444444 -0.729888782942503 -0.255308169703755
0.861111111111111 0.472222222222222 -0.6895556373483 -0.281003217286641
0.861111111111111 0.5 -0.647136500592968 -0.303085222194315
0.861111111111111 0.527777777777778 -0.602954207920593 -0.32138612703595
0.861111111111111 0.555555555555556 -0.557345013256408 -0.335766650875313
0.861111111111111 0.583333333333333 -0.510656030111393 -0.346117349242789
0.861111111111111 0.611111111111111 -0.463242589838859 -0.352359447073879
0.861111111111111 0.638888888888889 -0.4154655373483 -0.354445438235006
0.861111111111111 0.666666666666667 -0.36768848485774 -0.352359447073879
0.861111111111111 0.694444444444444 -0.320275044585206 -0.346117349242789
0.861111111111111 0.722222222222222 -0.273586061440191 -0.335766650875313
0.861111111111111 0.75 -0.227976866776005 -0.32138612703595
0.861111111111111 0.777777777777778 -0.18379457410363 -0.303085222194315
0.861111111111111 0.805555555555556 -0.141375437348299 -0.281003217286641
0.861111111111111 0.833333333333333 -0.101042291754096 -0.255308169703755
0.861111111111111 0.861111111111111 -0.0631020969128104 -0.226195634272856
0.861111111111111 0.888888888888889 -0.0278436006161016 -0.193887174967204
0.861111111111111 0.916666666666667 0.00446485868955049 -0.158628678670496
0.861111111111111 0.944444444444444 0.0335773941204489 -0.12068848382921
0.861111111111111 0.972222222222222 0.0592724417033348 -0.0803553382350066
0.861111111111111 1 0.0813544466110088 -0.0379362014796752
0.888888888888889 0 -0.945890551404826 0.344276005585002
0.888888888888889 0.0277777777777778 -0.960271075244189 0.298666810920817
0.888888888888889 0.0555555555555556 -0.970621773611665 0.251977827775802
0.888888888888889 0.0833333333333333 -0.976863871442755 0.204564387503268
0.888888888888889 0.111111111111111 -0.978949862603883 0.156787335012708
0.888888888888889 0.138888888888889 -0.976863871442755 0.109010282522148
0.888888888888889 0.166666666666667 -0.970621773611665 0.0615968422496147
0.888888888888889 0.194444444444444 -0.960271075244189 0.0149078591045993
0.888888888888889 0.222222222222222 -0.945890551404826 -0.0307013355595855
0.888888888888889 0.25 -0.927589646563191 -0.0748836282319607
0.888888888888889 0.277777777777778 -0.905507641655517 -0.117302764987292
0.888888888888889 0.305555555555556 -0.879812594072631 -0.157635910581496
0.888888888888889 0.333333333333333 -0.850700058641733 -0.195576105422781
0.888888888888889 0.361111111111111 -0.818391599336081 -0.23083460171949
0.888888888888889 0.388888888888889 -0.783133103039372 -0.263143061025142
0.888888888888889 0.416666666666667 -0.745192908198086 -0.29225559645604
0.888888888888889 0.444444444444444 -0.704859762603883 -0.317950644038926
0.888888888888889 0.472222222222222 -0.662440625848551 -0.3400326489466
0.888888888888889 0.5 -0.618258333176176 -0.358333553788235
0.888888888888889 0.527777777777778 -0.572649138511991 -0.372714077627599
0.888888888888889 0.555555555555556 -0.525960155366976 -0.383064775995075
0.888888888888889 0.583333333333333 -0.478546715094442 -0.389306873826165
0.888888888888889 0.611111111111111 -0.430769662603883 -0.391392864987292
0.888888888888889 0.638888888888889 -0.382992610113323 -0.389306873826165
0.888888888888889 0.666666666666667 -0.335579169840789 -0.383064775995075
0.888888888888889 0.694444444444444 -0.288890186695774 -0.372714077627599
0.888888888888889 0.722222222222222 -0.243280992031589 -0.358333553788235
0.888888888888889 0.75 -0.199098699359213 -0.3400326489466
0.888888888888889 0.777777777777778 -0.156679562603882 -0.317950644038926
0.888888888888889 0.805555555555556 -0.116346417009679 -0.29225559645604
0.888888888888889 0.833333333333333 -0.0784062221683935 -0.263143061025142
0.888888888888889 0.861111111111111 -0.0431477258716848 -0.23083460171949
0.888888888888889 0.888888888888889 -0.0108392665660327 -0.195576105422781
0.888888888888889 0.916666666666667 0.0182732688648657 -0.157635910581496
0.888888888888889 0.944444444444444 0.0439683164477516 -0.117302764987292
0.888888888888889 0.972222222222222 0.0660503213554257 -0.0748836282319607
0.888888888888889 1 0.0843512261970609 -0.0307013355595855
0.916666666666667 0 -0.972296783261523 0.260526137878304
0.916666666666667 0.0277777777777778 -0.982647481628999 0.213837154733288
0.916666666666667 0.0555555555555556 -0.988889579460089 0.166423714460755
0.916666666666667 0.0833333333333333 -0.990975570621216 0.118646661970195
0.916666666666667 0.111111111111111 -0.988889579460089 0.070869609479635
0.916666666666667 0.138888888888889 -0.982647481628999 0.0234561692071012
0.916666666666667 0.166666666666667 -0.972296783261523 -0.0232328139379142
0.916666666666667 0.194444444444444 -0.95791625942216 -0.068842008602099
0.916666666666667 0.222222222222222 -0.939615354580525 -0.113024301274474
0.916666666666667 0.25 -0.917533349672851 -0.155443438029805
0.916666666666667 0.277777777777778 -0.891838302089965 -0.195776583624009
0.916666666666667 0.305555555555556 -0.862725766659066 -0.233716778465294
0.916666666666667 0.333333333333333 -0.830417307353414 -0.268975274762003
0.916666666666667 0.361111111111111 -0.795158811056705 -0.301283734067655
0.916666666666667 0.388888888888889 -0.75721861621542 -0.330396269498554
0.916666666666667 0.416666666666667 -0.716885470621217 -0.356091317081439
0.916666666666667 0.444444444444444 -0.674466333865885 -0.378173321989113
0.916666666666667 0.472222222222222 -0.63028404119351 -0.396474226830749
0.916666666666667 0.5 -0.584674846529325 -0.410854750670112
0.916666666666667 0.527777777777778 -0.53798586338431 -0.421205449037588
0.916666666666667 0.555555555555556 -0.490572423111776 -0.427447546868678
0.916666666666667 0.583333333333333 -0.442795370621216 -0.429533538029805
0.916666666666667 0.611111111111111 -0.395018318130657 -0.427447546868678
0.916666666666667 0.638888888888889 -0.347604877858123 -0.421205449037588
0.916666666666667 0.666666666666667 -0.300915894713108 -0.410854750670112
0.916666666666667 0.694444444444444 -0.255306700048922 -0.396474226830749
0.916666666666667 0.722222222222222 -0.211124407376547 -0.378173321989113
0.916666666666667 0.75 -0.168705270621216 -0.35609131708144
0.916666666666667 0.777777777777778 -0.128372125027013 -0.330396269498554
0.916666666666667 0.805555555555556 -0.0904319301857273 -0.301283734067655
0.916666666666667 0.833333333333333 -0.0551734338890186 -0.268975274762003
0.916666666666667 0.861111111111111 -0.0228649745833664 -0.233716778465295
0.916666666666667 0.888888888888889 0.00624756084753192 -0.195776583624009
0.916666666666667 0.916666666666667 0.0319426084304179 -0.155443438029806
0.916666666666667 0.944444444444444 0.0540246133380919 -0.113024301274474
0.916666666666667 0.972222222222222 0.0723255181797271 -0.068842008602099
0.916666666666667 1 0.0867060420190904 -0.0232328139379141
0.944444444444444 0 -0.991303249508751 0.174793508952368
0.944444444444444 0.0277777777777778 -0.997545347339841 0.127380068679834
0.944444444444444 0.0555555555555556 -0.999631338500968 0.0796030161892747
0.944444444444444 0.0833333333333333 -0.997545347339841 0.031825963698715
0.944444444444444 0.111111111111111 -0.991303249508751 -0.0155874765738188
0.944444444444444 0.138888888888889 -0.980952551141274 -0.0622764597188342
0.944444444444444 0.166666666666667 -0.966572027301911 -0.107885654383019
0.944444444444444 0.194444444444444 -0.948271122460276 -0.152067947055394
0.944444444444444 0.222222222222222 -0.926189117552602 -0.194487083810725
0.944444444444444 0.25 -0.900494069969716 -0.234820229404929
0.944444444444444 0.277777777777778 -0.871381534538818 -0.272760424246214
0.944444444444444 0.305555555555556 -0.839073075233166 -0.308018920542923
0.944444444444444 0.333333333333333 -0.803814578936457 -0.340327379848575
0.944444444444444 0.361111111111111 -0.765874384095172 -0.369439915279474
0.944444444444444 0.388888888888889 -0.725541238500968 -0.39513496286236
0.944444444444444 0.416666666666667 -0.683122101745637 -0.417216967770034
0.944444444444444 0.444444444444444 -0.638939809073261 -0.435517872611669
0.944444444444444 0.472222222222222 -0.593330614409077 -0.449898396451032
0.944444444444444 0.5 -0.546641631264061 -0.460249094818508
0.944444444444444 0.527777777777778 -0.499228190991528 -0.466491192649598
0.944444444444444 0.555555555555556 -0.451451138500968 -0.468577183810725
0.944444444444444 0.583333333333333 -0.403674086010408 -0.466491192649598
0.944444444444444 0.611111111111111 -0.356260645737875 -0.460249094818508
0.944444444444444 0.638888888888889 -0.309571662592859 -0.449898396451032
0.944444444444444 0.666666666666667 -0.263962467928674 -0.435517872611669
0.944444444444444 0.694444444444444 -0.219780175256299 -0.417216967770033
0.944444444444444 0.722222222222222 -0.177361038500968 -0.39513496286236
0.944444444444444 0.75 -0.137027892906764 -0.369439915279474
0.944444444444444 0.777777777777778 -0.0990876980654788 -0.340327379848575
0.944444444444444 0.805555555555556 -0.0638292017687701 -0.308018920542923
0.944444444444444 0.833333333333333 -0.0315207424631179 -0.272760424246215
0.944444444444444 0.861111111111111 -0.00240820703221956 -0.234820229404929
0.944444444444444 0.888888888888889 0.0232868405506664 -0.194487083810726
0.944444444444444 0.916666666666667 0.0453688454583404 -0.152067947055394
0.944444444444444 0.944444444444444 0.0636697502999756 -0.107885654383019
0.944444444444444 0.972222222222222 0.0780502741393389 -0.0622764597188341
0.944444444444444 1 0.0884009725068151 -0.0155874765738188
0.972222222222222 0 -1.00276529946195 0.0877305958800989
0.972222222222222 0.0277777777777778 -1.00485129062308 0.0399535433895392
0.972222222222222 0.0555555555555556 -1.00276529946195 -0.00782350910102058
0.972222222222222 0.0833333333333333 -0.996523201630859 -0.0552369493735544
0.972222222222222 0.111111111111111 -0.986172503263383 -0.10192593251857
0.972222222222222 0.138888888888889 -0.97179197942402 -0.147535127182755
0.972222222222222 0.166666666666667 -0.953491074582385 -0.19171741985513
0.972222222222222 0.194444444444444 -0.931409069674711 -0.234136556610461
0.972222222222222 0.222222222222222 -0.905714022091825 -0.274469702204665
0.972222222222222 0.25 -0.876601486660927 -0.31240989704595
0.972222222222222 0.277777777777778 -0.844293027355274 -0.347668393342659
0.972222222222222 0.305555555555556 -0.809034531058566 -0.379976852648311
0.972222222222222 0.333333333333333 -0.77109433621728 -0.409089388079209
0.972222222222222 0.361111111111111 -0.730761190623077 -0.434784435662095
0.972222222222222 0.388888888888889 -0.688342053867745 -0.456866440569769
0.972222222222222 0.416666666666667 -0.64415976119537 -0.475167345411404
0.972222222222222 0.444444444444444 -0.598550566531185 -0.489547869250768
0.972222222222222 0.472222222222222 -0.55186158338617 -0.499898567618244
0.972222222222222 0.5 -0.504448143113636 -0.506140665449334
0.972222222222222 0.527777777777778 -0.456671090623077 -0.508226656610461
0.972222222222222 0.555555555555556 -0.408894038132517 -0.506140665449334
0.972222222222222 0.583333333333333 -0.361480597859983 -0.499898567618244
0.972222222222222 0.611111111111111 -0.314791614714968 -0.489547869250768
0.972222222222222 0.638888888888889 -0.269182420050783 -0.475167345411404
0.972222222222222 0.666666666666667 -0.225000127378407 -0.456866440569769
0.972222222222222 0.694444444444444 -0.182580990623076 -0.434784435662095
0.972222222222222 0.722222222222222 -0.142247845028873 -0.409089388079209
0.972222222222222 0.75 -0.104307650187588 -0.379976852648311
0.972222222222222 0.777777777777778 -0.0690491538908788 -0.347668393342659
0.972222222222222 0.805555555555556 -0.0367406945852267 -0.31240989704595
0.972222222222222 0.833333333333333 -0.0076281591543283 -0.274469702204665
0.972222222222222 0.861111111111111 0.0180668884285576 -0.234136556610461
0.972222222222222 0.888888888888889 0.0401488933362317 -0.19171741985513
0.972222222222222 0.916666666666667 0.0584497981778669 -0.147535127182755
0.972222222222222 0.944444444444444 0.0728303220172302 -0.10192593251857
0.972222222222222 0.972222222222222 0.0831810203847063 -0.0552369493735543
0.972222222222222 1 0.0894231182157962 -0.00782350910102078
1 0 -1.0065957 1.23268348995028E-16
1 0.0277777777777778 -1.00450970883887 -0.0477770524905596
1 0.0555555555555556 -0.998267611007783 -0.0951904927630934
1 0.0833333333333333 -0.987916912640307 -0.141879475908109
1 0.111111111111111 -0.973536388800943 -0.187488670572294
1 0.138888888888889 -0.955235483959308 -0.231670963244669
1 0.166666666666667 -0.933153479051634 -0.2740901
1 0.194444444444444 -0.907458431468748 -0.314423245594204
1 0.222222222222222 -0.87834589603785 -0.352363440435489
1 0.25 -0.846037436732198 -0.387621936732198
1 0.277777777777778 -0.810778940435489 -0.41993039603785
1 0.305555555555556 -0.772838745594204 -0.449042931468748
1 0.333333333333333 -0.7325056 -0.474737979051634
1 0.361111111111111 -0.690086463244669 -0.496819983959308
1 0.388888888888889 -0.645904170572294 -0.515120888800943
1 0.416666666666667 -0.600294975908109 -0.529501412640307
1 0.444444444444444 -0.553605992763093 -0.539852111007783
1 0.472222222222222 -0.50619255249056 -0.546094208838873
1 0.5 -0.4584155 -0.5481802
1 0.527777777777778 -0.41063844750944 -0.546094208838873
1 0.555555555555556 -0.363225007236907 -0.539852111007783
1 0.583333333333333 -0.316536024091891 -0.529501412640307
1 0.611111111111111 -0.270926829427706 -0.515120888800943
1 0.638888888888889 -0.226744536755331 -0.496819983959308
1 0.666666666666667 -0.1843254 -0.474737979051634
1 0.694444444444444 -0.143992254405796 -0.449042931468748
1 0.722222222222222 -0.106052059564511 -0.41993039603785
1 0.75 -0.0707935632678022 -0.387621936732198
1 0.777777777777778 -0.0384851039621501 -0.352363440435489
1 0.805555555555556 -0.00937256853125173 -0.314423245594204
1 0.833333333333333 0.0163224790516342 -0.2740901
1 0.861111111111111 0.0384044839593082 -0.231670963244669
1 0.888888888888889 0.0567053888009434 -0.187488670572294
1 0.916666666666667 0.0710859126403067 -0.141879475908109
1 0.944444444444444 0.0814366110077829 -0.0951904927630934
1 0.972222222222222 0.0876787088388727 -0.0477770524905598
1 1 0.0897647 -7.81231377928581E-17
