0.569950551949421
1.02487918001586
-0.196723941637126
-0.796107037203036
-0.73761044559706
0.652590458912164
-0.723618581185659
0.370483305657405
0.20001134002814
-0.563822802000478
-0.165602526541214
0.0653992320274773
0.156016595679277
-0.550213094072361
0.668913432939861
-0.739907058171508
0.771925146818994
-0.731681873850772
0.262695674590776
0.898501865443894
-0.437569807889042
0.108879945703256
-0.934916979226404
-0.678876307613145
0.61963639934723
-0.578919312416009
-0.492823921075675
0.624739816056295
-0.189984205544018
-0.0589733370303251
0.382021967508457
-0.0799118695013841
-0.837907816713322
0.972038653391141
-0.563119863174288
-0.0222352150605601
-0.705033099481992
-0.340767064268578
0.111494403507498
-0.20803234910844
-0.561274658160377
0.481725238823679
0.495048075059732
0.0513873351854618
0.138294396473781
0.0664585850122377
0.0714511270991709
0.843702259799796
0.551312099715662
0.929009324401428
